741:[[19], [14], [30], [26], [9], [4], [21], [17], [6], [23], [16], [7], [27], [8], [3], [20], [2], [25], [18], [11], [24], [5], [1], [22], [28], [10], [13], [12], [15], [29]]
391:[[20], [2], [30], [14], [24], [22], [19], [28], [3], [21], [15], [9], [23], [4], [27], [10], [18], [13], [8], [12], [29], [6], [5], [17], [16], [7], [1], [11], [26], [25]]
738:[[29], [22], [7], [20], [12], [19], [1], [6], [11], [30], [28], [17], [15], [14], [27], [24], [18], [23], [25], [3], [21], [16], [5], [10], [26], [8], [2], [13], [4], [9]]
935:[[1], [2], [24], [3], [12], [22], [26], [23], [4], [9], [25], [8], [11], [13], [5], [7], [21], [6], [28], [15], [14], [27], [29], [18], [17], [30], [10], [19], [16], [20]]
846:[[12], [8], [15], [26], [25], [17], [6], [28], [29], [18], [10], [4], [13], [16], [24], [5], [19], [30], [1], [20], [9], [2], [23], [27], [7], [14], [22], [11], [3], [21]]
612:[[3], [25], [1], [7], [5], [28], [27], [30], [14], [12], [20], [10], [6], [9], [26], [16], [24], [15], [4], [8], [19], [11], [17], [21], [2], [23], [29], [22], [18], [13]]
438:[[1], [10], [27], [17], [23], [13], [9], [29], [14], [25], [6], [11], [8], [21], [22], [5], [28], [18], [7], [2], [20], [16], [19], [26], [3], [24], [30], [4], [12], [15]]
897:[[12], [3], [25], [16], [9], [26], [10], [15], [18], [17], [27], [7], [13], [23], [6], [4], [29], [2], [1], [22], [20], [11], [21], [28], [8], [24], [14], [19], [5], [30]]
528:[[3], [27], [22], [29], [18], [13], [1], [2], [8], [11], [9], [7], [12], [6], [20], [16], [17], [28], [26], [15], [21], [25], [10], [14], [23], [24], [5], [30], [19], [4]]
688:[[3], [25], [19], [9], [28], [18], [20], [1], [13], [27], [2], [14], [11], [24], [26], [10], [30], [12], [8], [4], [5], [21], [7], [23], [6], [16], [17], [29], [15], [22]]
251:[[4], [20], [28], [2], [29], [23], [12], [15], [17], [11], [25], [14], [3], [22], [5], [10], [26], [1], [27], [24], [13], [8], [16], [18], [6], [19], [21], [30], [7], [9]]
910:[[6], [12], [7], [11], [16], [29], [4], [18], [9], [22], [24], [14], [25], [15], [1], [8], [26], [3], [10], [28], [27], [13], [5], [19], [23], [30], [20], [2], [21], [17]]
5:[[18], [30], [26], [28], [6], [23], [19], [7], [22], [20], [1], [27], [11], [16], [8], [17], [9], [5], [4], [21], [3], [25], [10], [14], [12], [15], [13], [24], [29], [2]]
1000:[[26], [5], [18], [8], [15], [28], [11], [10], [16], [4], [12], [23], [7], [27], [3], [30], [25], [22], [2], [29], [14], [21], [9], [13], [17], [1], [20], [24], [6], [19]]
961:[[17], [25], [13], [14], [28], [10], [21], [12], [20], [5], [6], [1], [23], [9], [19], [29], [18], [3], [15], [16], [4], [11], [8], [30], [27], [2], [7], [22], [24], [26]]
330:[[4], [12], [7], [22], [29], [5], [24], [17], [10], [19], [1], [13], [23], [16], [8], [20], [25], [3], [26], [28], [27], [9], [21], [2], [6], [14], [11], [18], [30], [15]]
381:[[11], [6], [27], [25], [20], [7], [16], [22], [17], [24], [18], [28], [29], [14], [10], [13], [9], [3], [23], [2], [12], [8], [15], [1], [26], [5], [4], [30], [21], [19]]
409:[[12], [22], [26], [19], [29], [13], [7], [3], [1], [17], [2], [23], [6], [18], [11], [5], [25], [15], [4], [27], [20], [24], [8], [30], [21], [16], [9], [10], [14], [28]]
146:[[9], [19], [23], [21], [15], [14], [12], [22], [7], [4], [20], [29], [6], [16], [10], [8], [1], [2], [30], [18], [24], [13], [25], [5], [11], [28], [27], [17], [26], [3]]
603:[[22], [9], [30], [19], [2], [28], [12], [29], [15], [5], [14], [18], [25], [7], [10], [20], [6], [23], [8], [16], [21], [26], [1], [17], [4], [13], [3], [24], [11], [27]]
413:[[19], [4], [20], [30], [8], [7], [27], [5], [13], [24], [3], [15], [17], [9], [21], [23], [14], [12], [6], [26], [10], [29], [22], [28], [18], [25], [2], [1], [16], [11]]
669:[[13], [12], [6], [22], [3], [9], [14], [8], [1], [2], [4], [21], [25], [11], [15], [18], [30], [24], [5], [10], [19], [29], [26], [27], [20], [28], [7], [16], [17], [23]]
830:[[6], [4], [23], [28], [15], [18], [27], [1], [25], [14], [26], [2], [24], [20], [22], [8], [11], [21], [10], [16], [17], [30], [5], [7], [13], [19], [29], [12], [9], [3]]
159:[[28], [22], [3], [4], [12], [21], [29], [20], [26], [14], [30], [15], [18], [6], [16], [23], [9], [2], [11], [24], [27], [7], [13], [5], [1], [19], [25], [10], [8], [17]]
762:[[13], [1], [14], [11], [3], [17], [26], [20], [18], [19], [29], [5], [15], [8], [23], [25], [24], [12], [16], [10], [2], [28], [27], [4], [21], [9], [22], [6], [30], [7]]
666:[[9], [6], [4], [26], [8], [30], [3], [10], [7], [20], [19], [1], [23], [2], [29], [22], [21], [13], [17], [18], [25], [14], [16], [27], [15], [5], [12], [28], [24], [11]]
261:[[20], [13], [24], [23], [9], [4], [25], [26], [5], [27], [28], [15], [30], [14], [22], [8], [1], [29], [10], [16], [12], [21], [2], [7], [18], [17], [6], [3], [19], [11]]
326:[[5], [18], [1], [19], [14], [7], [13], [12], [21], [22], [2], [26], [3], [6], [29], [10], [24], [20], [27], [16], [15], [9], [17], [8], [11], [28], [23], [30], [4], [25]]
703:[[18], [16], [22], [15], [29], [1], [4], [9], [27], [30], [10], [8], [17], [5], [28], [20], [12], [14], [23], [19], [26], [21], [7], [6], [11], [24], [3], [25], [13], [2]]
208:[[24], [10], [13], [28], [12], [8], [14], [3], [20], [1], [7], [18], [27], [23], [29], [19], [25], [22], [5], [30], [26], [11], [4], [21], [16], [15], [6], [17], [9], [2]]
968:[[1], [12], [23], [14], [10], [11], [29], [16], [22], [13], [5], [30], [8], [26], [15], [9], [28], [27], [3], [25], [4], [19], [20], [6], [18], [17], [24], [2], [21], [7]]
557:[[26], [11], [8], [4], [12], [24], [20], [28], [6], [22], [16], [14], [21], [18], [13], [2], [27], [19], [15], [7], [5], [23], [3], [25], [30], [10], [1], [17], [29], [9]]
23:[[4], [28], [9], [26], [14], [27], [19], [29], [15], [8], [11], [10], [20], [17], [25], [13], [2], [30], [6], [24], [23], [18], [1], [5], [7], [21], [12], [3], [22], [16]]
804:[[20], [21], [10], [18], [23], [22], [9], [19], [2], [4], [6], [24], [17], [16], [1], [8], [25], [7], [28], [13], [14], [30], [3], [12], [11], [29], [5], [27], [26], [15]]
79:[[12], [13], [16], [4], [22], [27], [2], [28], [3], [10], [15], [24], [8], [18], [14], [19], [23], [25], [11], [17], [26], [7], [21], [1], [20], [9], [30], [6], [5], [29]]
246:[[29], [2], [6], [9], [5], [26], [14], [18], [28], [15], [22], [17], [12], [23], [16], [20], [10], [11], [19], [30], [8], [21], [1], [4], [7], [27], [13], [24], [25], [3]]
143:[[24], [17], [3], [5], [9], [2], [7], [21], [11], [18], [14], [16], [15], [1], [12], [6], [4], [30], [19], [20], [8], [28], [26], [10], [23], [13], [25], [27], [29], [22]]
127:[[30], [25], [24], [21], [29], [6], [26], [17], [19], [15], [12], [16], [18], [5], [27], [13], [20], [28], [9], [10], [8], [4], [7], [23], [1], [22], [14], [11], [2], [3]]
203:[[8], [19], [2], [9], [16], [1], [24], [27], [17], [6], [30], [22], [26], [21], [4], [20], [10], [7], [12], [3], [15], [18], [5], [13], [25], [28], [29], [11], [23], [14]]
785:[[5], [19], [30], [20], [18], [11], [2], [6], [7], [13], [17], [21], [27], [1], [8], [24], [9], [23], [15], [22], [16], [14], [4], [12], [29], [26], [3], [25], [28], [10]]
575:[[25], [14], [19], [20], [1], [17], [21], [29], [23], [28], [6], [12], [7], [18], [27], [26], [4], [15], [3], [8], [10], [30], [24], [16], [11], [22], [5], [2], [9], [13]]
763:[[1], [25], [26], [15], [24], [4], [9], [20], [18], [2], [11], [14], [17], [30], [27], [7], [22], [29], [28], [16], [19], [23], [12], [21], [5], [13], [3], [8], [10], [6]]
461:[[19], [17], [28], [1], [26], [4], [27], [29], [8], [16], [20], [22], [7], [24], [3], [23], [11], [9], [14], [12], [21], [5], [15], [25], [30], [2], [6], [13], [18], [10]]
937:[[7], [23], [22], [15], [8], [21], [25], [1], [18], [11], [13], [30], [27], [9], [20], [26], [6], [17], [4], [29], [3], [5], [19], [14], [12], [2], [28], [10], [24], [16]]
634:[[20], [10], [27], [9], [11], [17], [14], [28], [3], [8], [19], [21], [5], [15], [23], [18], [29], [22], [12], [1], [30], [2], [4], [6], [24], [26], [13], [16], [7], [25]]
918:[[18], [17], [10], [11], [12], [23], [21], [26], [28], [3], [1], [14], [30], [2], [22], [5], [24], [8], [16], [6], [29], [15], [20], [27], [13], [19], [9], [7], [25], [4]]
187:[[10], [13], [28], [17], [18], [21], [20], [22], [11], [26], [3], [1], [23], [19], [14], [5], [12], [27], [4], [24], [15], [29], [25], [2], [9], [6], [8], [30], [16], [7]]
881:[[2], [22], [27], [13], [5], [16], [21], [28], [6], [19], [1], [20], [4], [9], [24], [23], [14], [11], [8], [15], [12], [25], [18], [3], [17], [30], [7], [29], [26], [10]]
753:[[8], [1], [25], [21], [27], [5], [16], [23], [13], [9], [24], [7], [11], [12], [4], [10], [2], [3], [15], [26], [6], [18], [28], [19], [22], [20], [29], [17], [14], [30]]
689:[[7], [8], [1], [9], [22], [23], [11], [28], [29], [20], [19], [21], [17], [12], [30], [5], [6], [18], [24], [2], [10], [27], [13], [26], [15], [25], [3], [4], [14], [16]]
202:[[5], [17], [3], [4], [13], [26], [19], [15], [21], [14], [25], [29], [9], [22], [30], [8], [20], [10], [16], [24], [27], [18], [28], [23], [6], [12], [7], [11], [1], [2]]
930:[[19], [30], [4], [11], [22], [25], [9], [8], [15], [29], [21], [13], [2], [26], [20], [16], [14], [17], [18], [12], [24], [27], [5], [1], [10], [6], [28], [23], [7], [3]]
663:[[2], [16], [12], [4], [25], [17], [22], [7], [28], [27], [23], [10], [15], [18], [8], [26], [1], [21], [20], [14], [3], [9], [29], [11], [24], [5], [6], [30], [13], [19]]
300:[[16], [17], [10], [9], [7], [26], [11], [22], [28], [3], [15], [12], [29], [8], [4], [23], [27], [2], [18], [19], [6], [1], [30], [20], [14], [21], [24], [13], [5], [25]]
305:[[15], [28], [8], [25], [11], [4], [6], [18], [26], [19], [7], [20], [9], [22], [16], [17], [13], [29], [3], [2], [1], [21], [5], [24], [23], [14], [10], [27], [12], [30]]
9:[[24], [21], [9], [29], [12], [3], [27], [13], [20], [8], [2], [1], [11], [7], [4], [22], [17], [25], [5], [10], [16], [6], [18], [26], [30], [14], [19], [28], [15], [23]]
444:[[10], [29], [8], [18], [24], [3], [25], [20], [22], [28], [15], [4], [1], [11], [5], [13], [9], [2], [27], [16], [19], [12], [14], [23], [6], [26], [21], [30], [17], [7]]
422:[[13], [2], [20], [22], [16], [21], [25], [30], [17], [8], [24], [6], [29], [9], [5], [15], [26], [27], [28], [11], [1], [4], [14], [10], [18], [19], [23], [7], [3], [12]]
890:[[3], [13], [20], [16], [1], [10], [18], [22], [30], [14], [2], [23], [28], [12], [9], [24], [7], [11], [5], [25], [8], [21], [29], [15], [17], [6], [27], [4], [26], [19]]
130:[[22], [14], [15], [2], [28], [11], [18], [7], [3], [24], [29], [19], [12], [21], [8], [16], [27], [25], [9], [17], [20], [1], [5], [30], [6], [10], [13], [23], [4], [26]]
610:[[10], [26], [24], [12], [7], [14], [30], [6], [25], [13], [18], [1], [27], [4], [3], [22], [15], [11], [8], [19], [23], [5], [29], [28], [9], [17], [20], [16], [2], [21]]
371:[[19], [12], [13], [23], [10], [20], [9], [4], [6], [21], [24], [30], [28], [7], [3], [15], [22], [29], [5], [2], [26], [8], [18], [1], [27], [25], [14], [16], [11], [17]]
875:[[13], [14], [30], [23], [8], [26], [4], [18], [6], [10], [15], [19], [29], [28], [3], [5], [27], [11], [20], [1], [21], [17], [25], [7], [22], [24], [2], [16], [12], [9]]
264:[[16], [5], [24], [1], [20], [17], [6], [11], [19], [25], [21], [13], [30], [7], [2], [10], [27], [28], [4], [3], [22], [29], [23], [14], [26], [9], [18], [15], [12], [8]]
205:[[1], [9], [14], [12], [2], [16], [26], [13], [8], [23], [3], [18], [25], [28], [11], [19], [15], [24], [30], [27], [6], [4], [29], [21], [17], [7], [10], [22], [20], [5]]
456:[[19], [13], [4], [6], [14], [30], [28], [5], [10], [17], [29], [24], [7], [12], [26], [23], [8], [27], [3], [25], [1], [9], [2], [21], [18], [20], [22], [15], [16], [11]]
866:[[14], [12], [3], [1], [26], [23], [5], [19], [16], [9], [6], [13], [7], [21], [24], [10], [30], [15], [8], [29], [4], [2], [28], [25], [22], [11], [18], [17], [27], [20]]
736:[[23], [10], [19], [5], [3], [1], [11], [26], [8], [21], [4], [9], [20], [24], [13], [15], [18], [28], [6], [29], [30], [14], [27], [17], [25], [16], [2], [22], [12], [7]]
47:[[20], [29], [27], [30], [16], [26], [8], [2], [10], [5], [22], [25], [24], [15], [6], [17], [28], [4], [14], [9], [3], [21], [23], [7], [1], [12], [11], [13], [18], [19]]
255:[[24], [2], [4], [22], [26], [15], [13], [25], [11], [30], [8], [3], [16], [20], [6], [19], [27], [23], [17], [29], [21], [1], [18], [7], [14], [10], [28], [5], [9], [12]]
148:[[15], [26], [19], [13], [7], [20], [22], [27], [25], [3], [29], [16], [9], [6], [28], [12], [11], [30], [24], [8], [10], [2], [23], [5], [14], [4], [18], [17], [21], [1]]
959:[[16], [9], [15], [17], [19], [23], [5], [26], [7], [13], [14], [20], [24], [27], [12], [6], [1], [25], [11], [18], [3], [2], [21], [4], [10], [30], [29], [8], [28], [22]]
900:[[25], [17], [7], [9], [26], [14], [20], [2], [28], [3], [6], [10], [1], [30], [24], [18], [11], [13], [4], [27], [5], [21], [16], [29], [22], [8], [23], [15], [19], [12]]
711:[[8], [16], [11], [18], [26], [23], [21], [13], [24], [29], [28], [19], [30], [2], [3], [9], [1], [7], [25], [4], [20], [17], [12], [5], [14], [22], [6], [15], [10], [27]]
279:[[2], [10], [9], [23], [3], [22], [14], [26], [25], [15], [16], [18], [24], [28], [1], [27], [5], [12], [30], [21], [8], [13], [7], [20], [19], [6], [11], [4], [17], [29]]
408:[[14], [20], [2], [27], [29], [28], [8], [21], [15], [12], [6], [7], [11], [10], [9], [1], [17], [30], [22], [26], [25], [23], [18], [13], [3], [24], [19], [4], [5], [16]]
632:[[27], [28], [7], [16], [30], [21], [13], [2], [3], [20], [6], [29], [1], [8], [19], [15], [9], [4], [22], [18], [23], [25], [24], [11], [26], [5], [10], [17], [12], [14]]
895:[[21], [14], [17], [29], [7], [20], [16], [27], [11], [1], [3], [12], [4], [10], [19], [26], [2], [9], [13], [23], [5], [22], [25], [24], [15], [30], [18], [8], [28], [6]]
458:[[27], [24], [22], [29], [1], [2], [17], [5], [20], [11], [4], [6], [16], [18], [10], [23], [28], [30], [21], [19], [13], [25], [12], [3], [9], [26], [15], [14], [7], [8]]
680:[[5], [14], [28], [2], [18], [27], [7], [26], [22], [20], [13], [4], [6], [19], [8], [25], [12], [3], [23], [30], [16], [15], [17], [29], [10], [9], [24], [21], [11], [1]]
740:[[10], [30], [23], [18], [8], [14], [28], [1], [19], [7], [13], [26], [2], [6], [9], [29], [20], [5], [3], [16], [15], [12], [11], [17], [4], [21], [22], [25], [27], [24]]
297:[[16], [2], [29], [15], [6], [4], [14], [21], [22], [9], [5], [23], [18], [12], [27], [30], [17], [10], [28], [7], [26], [25], [19], [3], [11], [24], [8], [13], [1], [20]]
442:[[27], [16], [23], [9], [18], [29], [15], [26], [17], [21], [28], [10], [24], [7], [2], [3], [14], [12], [30], [20], [5], [25], [6], [11], [1], [13], [8], [4], [22], [19]]
779:[[1], [19], [20], [4], [23], [15], [8], [2], [21], [3], [24], [6], [29], [12], [30], [9], [28], [26], [16], [22], [25], [5], [11], [7], [17], [18], [27], [14], [13], [10]]
636:[[20], [4], [8], [27], [3], [15], [5], [23], [6], [21], [26], [11], [17], [13], [28], [2], [9], [12], [22], [30], [24], [14], [7], [10], [1], [18], [19], [16], [25], [29]]
829:[[25], [23], [28], [20], [26], [18], [17], [19], [15], [2], [8], [29], [21], [1], [14], [30], [11], [9], [5], [27], [6], [16], [24], [7], [3], [10], [13], [22], [4], [12]]
817:[[11], [28], [5], [21], [4], [24], [27], [25], [3], [17], [18], [10], [7], [22], [26], [13], [19], [16], [9], [29], [8], [15], [2], [30], [1], [14], [6], [20], [23], [12]]
295:[[20], [22], [27], [4], [11], [5], [17], [25], [19], [26], [2], [12], [8], [29], [30], [7], [9], [13], [14], [15], [1], [24], [23], [18], [16], [21], [3], [6], [28], [10]]
177:[[1], [2], [21], [12], [7], [17], [30], [20], [28], [4], [14], [22], [27], [5], [24], [10], [6], [8], [9], [18], [23], [16], [25], [19], [11], [15], [26], [3], [13], [29]]
781:[[26], [9], [1], [8], [21], [14], [30], [22], [13], [16], [20], [27], [18], [17], [25], [5], [12], [19], [29], [15], [10], [11], [24], [28], [3], [4], [23], [6], [7], [2]]
144:[[27], [22], [13], [3], [26], [2], [25], [17], [1], [4], [23], [15], [19], [8], [14], [29], [5], [6], [11], [18], [20], [30], [12], [10], [21], [7], [24], [9], [28], [16]]
809:[[20], [23], [29], [8], [7], [4], [17], [1], [16], [21], [15], [10], [18], [14], [25], [6], [28], [5], [12], [19], [26], [13], [27], [30], [24], [11], [2], [3], [22], [9]]
296:[[22], [5], [24], [16], [15], [2], [30], [18], [13], [11], [1], [21], [17], [14], [19], [29], [12], [10], [28], [8], [3], [20], [26], [27], [7], [9], [4], [6], [23], [25]]
74:[[24], [15], [1], [6], [17], [22], [7], [18], [26], [2], [30], [25], [19], [16], [8], [10], [9], [4], [23], [27], [12], [21], [28], [20], [3], [14], [5], [29], [11], [13]]
256:[[19], [4], [13], [1], [17], [25], [22], [30], [5], [23], [3], [12], [18], [11], [28], [7], [15], [24], [21], [16], [26], [14], [2], [10], [29], [9], [27], [8], [20], [6]]
453:[[5], [27], [26], [19], [8], [30], [14], [25], [15], [16], [29], [7], [23], [17], [24], [1], [18], [4], [20], [2], [13], [21], [28], [11], [10], [22], [12], [6], [3], [9]]
641:[[12], [30], [20], [10], [4], [2], [9], [11], [19], [13], [16], [8], [28], [17], [26], [15], [22], [21], [25], [18], [7], [5], [3], [24], [14], [27], [29], [23], [6], [1]]
563:[[10], [24], [3], [25], [17], [11], [5], [1], [16], [13], [23], [28], [26], [18], [29], [20], [6], [30], [27], [2], [8], [21], [22], [7], [4], [19], [14], [9], [15], [12]]
629:[[28], [30], [9], [25], [12], [23], [10], [27], [13], [2], [26], [1], [5], [18], [22], [11], [6], [16], [14], [3], [29], [15], [7], [21], [20], [19], [24], [8], [17], [4]]
652:[[26], [28], [4], [29], [7], [19], [8], [24], [3], [13], [5], [25], [22], [15], [10], [14], [11], [1], [17], [9], [30], [27], [6], [21], [23], [12], [18], [16], [2], [20]]
303:[[21], [4], [6], [19], [10], [12], [11], [24], [15], [30], [23], [16], [20], [22], [1], [3], [14], [28], [18], [8], [2], [7], [9], [5], [17], [29], [25], [27], [26], [13]]
999:[[8], [25], [17], [27], [19], [26], [15], [29], [12], [30], [23], [22], [3], [10], [9], [20], [4], [28], [1], [6], [11], [24], [13], [21], [18], [2], [7], [14], [16], [5]]
933:[[26], [14], [25], [27], [10], [21], [19], [2], [11], [12], [1], [18], [29], [15], [8], [24], [20], [5], [23], [3], [9], [17], [22], [30], [4], [28], [16], [7], [13], [6]]
470:[[2], [21], [29], [25], [28], [20], [5], [7], [30], [8], [12], [4], [14], [27], [17], [13], [19], [6], [26], [1], [23], [9], [22], [3], [24], [16], [15], [10], [18], [11]]
497:[[15], [16], [8], [6], [29], [27], [4], [11], [30], [23], [13], [19], [18], [3], [26], [21], [22], [5], [25], [7], [24], [9], [2], [17], [14], [12], [10], [20], [28], [1]]
960:[[23], [2], [16], [20], [26], [24], [7], [28], [21], [8], [29], [18], [25], [1], [13], [22], [10], [19], [17], [30], [27], [14], [5], [15], [3], [11], [9], [6], [12], [4]]
281:[[12], [2], [16], [14], [23], [8], [25], [28], [27], [20], [21], [26], [6], [29], [7], [3], [10], [4], [13], [17], [22], [24], [5], [30], [15], [19], [1], [18], [9], [11]]
360:[[23], [24], [10], [14], [16], [25], [30], [9], [2], [28], [3], [26], [12], [21], [1], [8], [15], [27], [29], [22], [13], [17], [18], [20], [19], [4], [6], [7], [11], [5]]
4:[[29], [10], [23], [30], [28], [3], [6], [15], [21], [9], [7], [8], [14], [1], [22], [25], [5], [20], [27], [17], [2], [4], [24], [18], [13], [26], [16], [12], [19], [11]]
272:[[15], [29], [5], [3], [8], [4], [19], [27], [11], [18], [17], [12], [23], [10], [28], [21], [2], [24], [9], [7], [20], [16], [22], [25], [6], [1], [13], [26], [14], [30]]
608:[[19], [25], [22], [17], [28], [21], [20], [13], [5], [29], [15], [7], [24], [4], [3], [1], [12], [30], [26], [10], [27], [14], [23], [16], [8], [11], [9], [6], [18], [2]]
401:[[7], [10], [29], [22], [11], [6], [3], [5], [14], [17], [18], [21], [1], [20], [16], [2], [24], [19], [25], [12], [15], [26], [13], [4], [23], [27], [28], [30], [8], [9]]
633:[[23], [29], [9], [21], [24], [26], [10], [6], [8], [1], [2], [7], [3], [16], [27], [25], [30], [20], [5], [28], [18], [22], [13], [12], [11], [17], [14], [15], [19], [4]]
526:[[28], [9], [2], [22], [4], [27], [25], [17], [1], [11], [20], [13], [19], [15], [14], [24], [16], [21], [30], [6], [5], [3], [7], [26], [18], [29], [23], [10], [8], [12]]
558:[[23], [17], [18], [25], [11], [12], [19], [16], [13], [14], [5], [15], [4], [30], [8], [1], [29], [6], [24], [26], [27], [22], [2], [21], [9], [7], [28], [10], [3], [20]]
355:[[11], [13], [15], [19], [27], [7], [8], [30], [5], [3], [25], [10], [1], [26], [17], [9], [22], [12], [2], [14], [24], [18], [28], [6], [21], [29], [16], [23], [20], [4]]
276:[[9], [12], [16], [5], [1], [28], [14], [11], [24], [15], [4], [8], [3], [2], [17], [7], [27], [6], [13], [26], [22], [21], [23], [10], [30], [19], [29], [20], [25], [18]]
591:[[23], [26], [22], [5], [21], [30], [1], [19], [18], [11], [20], [29], [17], [6], [16], [15], [24], [27], [14], [12], [9], [7], [8], [13], [4], [28], [10], [2], [3], [25]]
532:[[30], [18], [9], [13], [16], [6], [10], [11], [25], [14], [4], [3], [5], [12], [21], [23], [1], [8], [24], [2], [26], [29], [7], [22], [19], [27], [20], [15], [17], [28]]
476:[[21], [27], [19], [9], [14], [30], [2], [23], [6], [24], [12], [18], [28], [3], [17], [20], [29], [16], [11], [10], [26], [8], [1], [7], [25], [22], [4], [15], [13], [5]]
459:[[1], [11], [26], [5], [22], [3], [12], [8], [19], [4], [23], [21], [14], [24], [20], [29], [16], [9], [6], [30], [7], [27], [17], [18], [13], [10], [2], [15], [25], [28]]
905:[[24], [6], [26], [17], [14], [19], [30], [29], [20], [10], [12], [21], [27], [5], [2], [7], [23], [22], [18], [25], [8], [9], [11], [13], [3], [16], [1], [28], [4], [15]]
841:[[28], [11], [21], [19], [7], [23], [20], [30], [22], [16], [25], [4], [26], [13], [18], [3], [9], [5], [6], [1], [15], [17], [24], [2], [14], [12], [10], [29], [27], [8]]
335:[[4], [18], [6], [8], [15], [21], [23], [11], [25], [17], [27], [24], [20], [1], [30], [7], [29], [2], [12], [16], [5], [9], [14], [13], [19], [3], [22], [26], [10], [28]]
471:[[2], [16], [22], [8], [23], [7], [25], [14], [5], [15], [29], [1], [26], [10], [30], [4], [11], [6], [24], [28], [20], [19], [3], [21], [13], [17], [27], [18], [9], [12]]
142:[[17], [18], [5], [19], [29], [8], [1], [25], [22], [27], [24], [3], [26], [4], [6], [13], [28], [11], [9], [16], [15], [20], [14], [7], [10], [21], [12], [30], [2], [23]]
474:[[16], [13], [30], [21], [20], [28], [9], [18], [8], [27], [29], [25], [22], [19], [15], [10], [11], [4], [23], [12], [7], [5], [26], [24], [14], [17], [2], [1], [6], [3]]
726:[[14], [1], [30], [9], [4], [22], [6], [8], [7], [25], [27], [24], [3], [13], [28], [11], [23], [17], [16], [21], [18], [10], [20], [29], [2], [12], [26], [19], [5], [15]]
658:[[3], [30], [8], [4], [2], [13], [7], [23], [12], [11], [17], [24], [18], [14], [10], [28], [29], [27], [15], [1], [16], [19], [9], [25], [5], [6], [26], [21], [20], [22]]
114:[[26], [23], [25], [5], [10], [2], [7], [27], [4], [29], [8], [6], [21], [15], [12], [24], [1], [18], [17], [30], [16], [22], [28], [14], [3], [13], [11], [19], [9], [20]]
435:[[30], [19], [18], [7], [21], [29], [25], [3], [6], [15], [20], [16], [27], [13], [23], [9], [12], [8], [4], [14], [1], [24], [28], [2], [22], [10], [26], [5], [17], [11]]
165:[[3], [15], [11], [8], [9], [20], [5], [17], [13], [29], [10], [19], [22], [26], [12], [2], [1], [4], [6], [23], [28], [14], [27], [18], [25], [24], [16], [30], [7], [21]]
984:[[29], [7], [28], [11], [12], [2], [20], [17], [14], [25], [1], [26], [23], [8], [30], [9], [13], [3], [16], [15], [10], [27], [4], [21], [18], [24], [5], [6], [19], [22]]
626:[[15], [24], [23], [11], [27], [8], [20], [13], [26], [25], [9], [16], [5], [21], [1], [14], [7], [30], [6], [3], [12], [10], [28], [18], [19], [4], [22], [2], [29], [17]]
911:[[13], [10], [2], [25], [5], [26], [11], [3], [24], [23], [6], [22], [14], [21], [17], [7], [4], [27], [9], [30], [29], [16], [20], [15], [8], [28], [19], [18], [12], [1]]
206:[[3], [1], [24], [8], [15], [2], [30], [5], [23], [11], [29], [4], [7], [22], [26], [27], [28], [16], [17], [6], [9], [18], [12], [10], [25], [21], [19], [20], [14], [13]]
216:[[4], [27], [28], [9], [16], [29], [6], [24], [21], [13], [23], [10], [30], [8], [1], [19], [17], [22], [7], [5], [25], [20], [14], [11], [15], [18], [3], [2], [12], [26]]
141:[[24], [15], [22], [12], [1], [8], [10], [18], [7], [11], [19], [2], [17], [9], [6], [28], [4], [16], [26], [30], [27], [13], [25], [5], [20], [29], [23], [21], [3], [14]]
372:[[2], [3], [23], [16], [10], [8], [4], [25], [26], [28], [6], [29], [18], [21], [20], [12], [17], [1], [9], [5], [19], [14], [15], [27], [11], [30], [13], [7], [22], [24]]
415:[[10], [16], [18], [8], [2], [21], [27], [9], [1], [11], [14], [7], [22], [5], [25], [30], [15], [13], [6], [12], [17], [28], [24], [26], [20], [19], [23], [4], [3], [29]]
111:[[17], [25], [9], [8], [18], [27], [11], [22], [19], [7], [23], [20], [3], [16], [12], [26], [10], [4], [28], [21], [30], [6], [2], [24], [1], [29], [5], [13], [14], [15]]
68:[[15], [29], [27], [5], [26], [22], [17], [8], [6], [18], [7], [10], [14], [12], [13], [24], [3], [23], [4], [16], [21], [28], [2], [30], [9], [11], [25], [19], [20], [1]]
788:[[12], [22], [6], [20], [29], [8], [9], [16], [2], [1], [28], [17], [14], [24], [30], [5], [18], [19], [7], [15], [4], [13], [27], [3], [25], [23], [26], [10], [21], [11]]
153:[[3], [16], [23], [13], [19], [21], [6], [2], [26], [27], [12], [29], [9], [30], [7], [14], [5], [25], [15], [18], [4], [17], [28], [11], [22], [1], [10], [8], [20], [24]]
443:[[6], [28], [27], [24], [15], [1], [20], [9], [4], [21], [5], [14], [29], [19], [8], [2], [12], [11], [13], [7], [3], [22], [26], [16], [17], [10], [18], [30], [25], [23]]
306:[[13], [10], [3], [18], [26], [17], [22], [4], [16], [30], [2], [28], [27], [6], [9], [21], [19], [5], [23], [15], [25], [12], [24], [29], [1], [7], [14], [8], [11], [20]]
717:[[19], [17], [1], [5], [23], [11], [3], [24], [30], [14], [9], [10], [6], [25], [12], [8], [13], [7], [4], [16], [28], [2], [21], [18], [29], [22], [15], [20], [27], [26]]
873:[[22], [10], [4], [27], [1], [8], [25], [15], [30], [3], [12], [7], [9], [16], [21], [19], [23], [11], [26], [28], [6], [29], [20], [13], [18], [17], [14], [24], [5], [2]]
561:[[1], [11], [23], [29], [20], [8], [27], [16], [14], [25], [26], [15], [6], [18], [24], [12], [30], [7], [17], [19], [3], [21], [28], [4], [9], [22], [5], [13], [2], [10]]
893:[[15], [18], [28], [23], [30], [29], [26], [10], [5], [1], [14], [11], [19], [16], [2], [21], [12], [4], [6], [9], [7], [25], [27], [3], [20], [8], [13], [22], [24], [17]]
463:[[20], [29], [12], [11], [4], [14], [17], [8], [19], [10], [16], [24], [3], [26], [30], [9], [18], [13], [15], [2], [23], [22], [21], [28], [27], [6], [25], [1], [7], [5]]
507:[[5], [22], [13], [16], [8], [20], [1], [26], [17], [4], [24], [21], [19], [2], [30], [18], [14], [7], [12], [3], [6], [23], [27], [15], [25], [9], [10], [11], [28], [29]]
927:[[22], [1], [18], [4], [8], [24], [21], [25], [12], [30], [7], [27], [29], [19], [17], [15], [23], [28], [2], [13], [11], [9], [3], [26], [14], [6], [16], [10], [20], [5]]
745:[[26], [25], [27], [21], [10], [18], [7], [19], [30], [9], [11], [15], [6], [16], [20], [24], [4], [17], [8], [22], [13], [2], [23], [5], [14], [29], [3], [1], [28], [12]]
655:[[10], [1], [27], [4], [23], [16], [25], [9], [28], [14], [18], [21], [13], [5], [12], [7], [8], [19], [11], [29], [24], [26], [15], [6], [2], [17], [3], [20], [30], [22]]
313:[[27], [2], [1], [4], [16], [29], [12], [14], [8], [17], [13], [24], [11], [15], [3], [9], [26], [10], [5], [20], [6], [25], [19], [7], [21], [30], [28], [22], [18], [23]]
218:[[21], [17], [4], [12], [7], [3], [20], [24], [23], [15], [13], [26], [25], [5], [9], [16], [22], [18], [29], [8], [30], [14], [27], [6], [2], [28], [19], [11], [1], [10]]
446:[[13], [22], [8], [20], [24], [12], [2], [19], [25], [9], [18], [7], [28], [11], [23], [14], [15], [17], [6], [21], [4], [5], [30], [26], [10], [16], [3], [1], [29], [27]]
801:[[19], [9], [27], [15], [29], [24], [20], [25], [1], [16], [14], [30], [2], [8], [10], [11], [26], [6], [4], [12], [17], [23], [21], [3], [13], [28], [5], [22], [7], [18]]
747:[[2], [11], [8], [16], [19], [10], [14], [25], [5], [7], [4], [26], [24], [28], [9], [13], [18], [27], [21], [6], [22], [1], [30], [12], [23], [29], [15], [20], [17], [3]]
750:[[12], [17], [9], [23], [20], [22], [18], [25], [5], [19], [7], [8], [3], [21], [10], [6], [24], [14], [16], [4], [15], [26], [1], [28], [11], [29], [13], [27], [30], [2]]
794:[[1], [23], [6], [19], [13], [28], [5], [22], [21], [4], [27], [2], [15], [9], [29], [18], [7], [20], [30], [12], [26], [25], [16], [11], [3], [8], [17], [10], [24], [14]]
29:[[9], [10], [16], [26], [20], [14], [13], [2], [23], [11], [1], [5], [8], [7], [18], [24], [30], [12], [6], [25], [4], [15], [28], [27], [17], [29], [22], [19], [21], [3]]
245:[[3], [19], [21], [16], [30], [22], [9], [24], [26], [20], [28], [18], [27], [6], [13], [4], [7], [29], [23], [8], [2], [15], [5], [14], [25], [10], [17], [11], [12], [1]]
840:[[10], [9], [6], [5], [14], [23], [28], [11], [7], [22], [26], [17], [30], [21], [20], [18], [29], [3], [27], [19], [4], [8], [24], [13], [1], [15], [12], [25], [16], [2]]
847:[[19], [30], [12], [14], [16], [22], [15], [4], [5], [3], [6], [27], [18], [29], [13], [26], [2], [28], [23], [17], [9], [21], [20], [11], [24], [25], [1], [7], [8], [10]]
424:[[4], [12], [11], [19], [22], [23], [20], [1], [18], [24], [29], [26], [13], [16], [3], [30], [28], [6], [10], [21], [15], [8], [5], [2], [27], [17], [9], [7], [25], [14]]
328:[[23], [18], [5], [30], [20], [12], [1], [4], [13], [2], [25], [17], [11], [8], [22], [19], [14], [9], [28], [24], [29], [21], [6], [27], [15], [7], [10], [16], [3], [26]]
746:[[5], [16], [28], [23], [29], [14], [2], [18], [24], [9], [17], [11], [15], [22], [27], [4], [1], [7], [12], [26], [10], [30], [25], [19], [6], [13], [8], [21], [20], [3]]
764:[[9], [29], [17], [28], [20], [15], [24], [13], [19], [11], [8], [7], [5], [27], [12], [25], [23], [26], [10], [2], [30], [14], [21], [4], [18], [6], [16], [22], [3], [1]]
644:[[11], [16], [6], [19], [5], [15], [18], [29], [24], [27], [8], [3], [23], [28], [21], [9], [10], [13], [25], [1], [7], [4], [17], [26], [12], [14], [20], [2], [22], [30]]
376:[[27], [17], [9], [23], [10], [6], [30], [19], [7], [15], [26], [2], [13], [29], [18], [3], [16], [25], [20], [14], [1], [4], [22], [11], [8], [5], [12], [21], [24], [28]]
966:[[19], [22], [1], [5], [2], [20], [27], [28], [3], [18], [23], [21], [12], [25], [17], [30], [14], [11], [15], [29], [16], [8], [10], [24], [6], [7], [9], [13], [4], [26]]
383:[[7], [5], [30], [29], [15], [8], [22], [10], [14], [27], [3], [6], [21], [24], [1], [9], [12], [26], [17], [23], [19], [13], [2], [18], [20], [4], [28], [16], [25], [11]]
957:[[25], [3], [27], [29], [20], [18], [13], [23], [1], [28], [26], [22], [7], [17], [24], [2], [16], [10], [30], [9], [19], [14], [12], [11], [4], [15], [21], [8], [6], [5]]
827:[[8], [25], [27], [17], [14], [18], [13], [22], [7], [10], [3], [6], [28], [23], [5], [26], [20], [29], [2], [30], [16], [12], [1], [9], [15], [21], [4], [11], [24], [19]]
654:[[27], [22], [18], [13], [29], [25], [5], [14], [15], [19], [30], [4], [12], [23], [6], [24], [17], [21], [1], [8], [20], [16], [28], [2], [9], [3], [26], [10], [11], [7]]
340:[[24], [7], [20], [25], [27], [9], [6], [21], [13], [19], [12], [11], [5], [22], [16], [8], [26], [4], [23], [17], [10], [15], [28], [2], [18], [29], [3], [1], [30], [14]]
385:[[26], [9], [4], [14], [8], [18], [24], [27], [28], [17], [3], [12], [5], [7], [29], [15], [2], [30], [6], [19], [25], [10], [16], [21], [13], [1], [20], [11], [23], [22]]
304:[[23], [20], [29], [18], [1], [22], [6], [5], [24], [15], [30], [12], [7], [17], [10], [4], [27], [26], [9], [2], [21], [13], [8], [14], [16], [28], [3], [25], [19], [11]]
475:[[21], [2], [23], [19], [11], [29], [13], [30], [22], [8], [7], [25], [3], [20], [14], [16], [12], [4], [10], [27], [17], [28], [18], [24], [1], [26], [6], [5], [9], [15]]
506:[[18], [22], [14], [25], [1], [12], [20], [30], [17], [27], [8], [6], [29], [26], [19], [13], [7], [2], [23], [5], [24], [15], [11], [9], [10], [3], [28], [21], [4], [16]]
406:[[3], [26], [16], [19], [13], [7], [2], [25], [18], [22], [28], [23], [30], [10], [1], [9], [15], [8], [17], [21], [5], [24], [4], [6], [27], [14], [11], [12], [29], [20]]
861:[[1], [28], [24], [17], [7], [22], [21], [15], [8], [30], [25], [20], [3], [14], [19], [4], [2], [12], [5], [6], [27], [16], [10], [11], [29], [9], [26], [23], [13], [18]]
226:[[3], [4], [17], [25], [20], [24], [27], [14], [16], [2], [6], [12], [19], [9], [10], [28], [23], [5], [29], [21], [7], [11], [22], [18], [8], [30], [13], [1], [26], [15]]
988:[[18], [27], [28], [12], [6], [2], [19], [15], [8], [7], [9], [5], [17], [24], [10], [20], [30], [25], [14], [13], [22], [4], [3], [23], [11], [29], [16], [21], [1], [26]]
645:[[22], [15], [4], [14], [27], [20], [1], [3], [16], [17], [6], [23], [30], [24], [29], [28], [12], [21], [5], [10], [9], [8], [7], [13], [26], [2], [11], [18], [19], [25]]
154:[[29], [30], [8], [9], [12], [10], [18], [26], [20], [2], [21], [22], [14], [19], [11], [28], [1], [6], [23], [13], [16], [24], [3], [7], [27], [5], [4], [25], [15], [17]]
831:[[13], [7], [15], [9], [10], [26], [18], [1], [19], [25], [14], [21], [6], [5], [4], [29], [17], [23], [8], [2], [27], [16], [20], [11], [24], [12], [22], [30], [28], [3]]
842:[[27], [12], [1], [21], [19], [30], [29], [11], [2], [15], [18], [6], [16], [3], [26], [9], [20], [7], [23], [13], [5], [22], [8], [14], [25], [24], [4], [28], [17], [10]]
509:[[30], [18], [29], [13], [21], [2], [7], [1], [4], [11], [27], [20], [8], [10], [3], [28], [24], [6], [14], [16], [17], [26], [25], [9], [5], [12], [19], [22], [15], [23]]
991:[[2], [29], [27], [10], [15], [20], [5], [23], [3], [9], [17], [1], [25], [11], [4], [26], [30], [24], [18], [22], [28], [8], [14], [19], [16], [21], [13], [7], [6], [12]]
263:[[22], [23], [2], [14], [25], [1], [10], [24], [13], [18], [26], [12], [3], [27], [4], [6], [9], [20], [8], [28], [15], [11], [7], [29], [21], [5], [19], [17], [16], [30]]
481:[[26], [25], [28], [22], [6], [15], [17], [11], [16], [21], [13], [18], [2], [23], [14], [7], [9], [8], [24], [12], [3], [5], [19], [20], [1], [27], [30], [4], [29], [10]]
722:[[14], [16], [2], [20], [17], [25], [3], [1], [12], [5], [6], [10], [18], [21], [23], [19], [27], [29], [8], [26], [28], [7], [13], [9], [11], [22], [24], [4], [30], [15]]
274:[[17], [13], [1], [12], [9], [5], [11], [22], [21], [4], [28], [7], [15], [20], [24], [19], [29], [10], [3], [14], [8], [26], [18], [25], [6], [16], [23], [2], [30], [27]]
170:[[23], [3], [14], [15], [5], [17], [12], [16], [22], [21], [13], [7], [20], [28], [26], [1], [10], [8], [25], [30], [19], [29], [18], [6], [2], [11], [9], [4], [27], [24]]
674:[[9], [29], [10], [26], [20], [2], [13], [6], [19], [4], [16], [25], [12], [21], [17], [27], [30], [15], [18], [1], [8], [11], [22], [28], [14], [3], [7], [23], [5], [24]]
803:[[30], [12], [14], [22], [10], [26], [21], [7], [18], [13], [8], [20], [1], [11], [4], [29], [27], [6], [15], [9], [3], [24], [5], [17], [23], [16], [2], [19], [28], [25]]
635:[[16], [21], [2], [9], [13], [25], [10], [6], [7], [12], [26], [29], [20], [19], [11], [17], [3], [24], [28], [22], [1], [5], [14], [27], [18], [30], [23], [8], [15], [4]]
670:[[6], [4], [29], [28], [15], [25], [27], [17], [9], [11], [21], [30], [1], [3], [18], [26], [20], [10], [22], [19], [2], [12], [7], [16], [13], [5], [23], [24], [14], [8]]
192:[[2], [24], [10], [12], [17], [18], [1], [4], [14], [25], [8], [5], [6], [28], [13], [3], [22], [9], [21], [26], [16], [11], [19], [27], [15], [29], [30], [23], [7], [20]]
186:[[28], [13], [5], [29], [4], [2], [6], [20], [30], [1], [15], [11], [19], [7], [16], [12], [27], [22], [10], [14], [21], [18], [24], [25], [9], [8], [26], [23], [17], [3]]
173:[[4], [5], [18], [7], [8], [27], [10], [25], [6], [26], [12], [22], [3], [29], [2], [15], [21], [1], [19], [16], [30], [20], [14], [11], [28], [17], [24], [13], [23], [9]]
761:[[30], [1], [3], [27], [16], [12], [13], [26], [8], [10], [22], [2], [11], [25], [24], [14], [7], [19], [9], [21], [29], [6], [20], [5], [23], [18], [17], [15], [28], [4]]
742:[[12], [11], [6], [4], [28], [14], [9], [19], [13], [7], [25], [22], [10], [17], [3], [8], [27], [1], [5], [16], [24], [21], [30], [18], [26], [2], [23], [15], [29], [20]]
275:[[12], [20], [13], [18], [24], [23], [25], [17], [7], [21], [8], [11], [4], [1], [16], [26], [30], [15], [14], [2], [19], [3], [27], [10], [9], [28], [29], [22], [6], [5]]
178:[[30], [10], [28], [11], [21], [17], [7], [27], [16], [8], [4], [9], [2], [13], [25], [26], [29], [5], [6], [20], [3], [14], [24], [12], [1], [15], [18], [23], [22], [19]]
280:[[17], [12], [10], [11], [19], [15], [8], [29], [30], [6], [7], [20], [25], [27], [3], [28], [22], [13], [5], [9], [4], [23], [2], [14], [26], [21], [18], [1], [16], [24]]
650:[[11], [4], [25], [18], [10], [23], [13], [2], [26], [24], [7], [27], [14], [5], [30], [28], [3], [20], [6], [29], [15], [9], [19], [12], [21], [17], [22], [8], [16], [1]]
166:[[21], [12], [2], [5], [17], [15], [18], [9], [10], [4], [1], [29], [20], [6], [27], [11], [24], [7], [14], [19], [13], [8], [23], [16], [3], [22], [25], [30], [26], [28]]
845:[[21], [20], [4], [9], [23], [8], [3], [28], [15], [16], [5], [10], [13], [11], [2], [14], [18], [19], [12], [29], [7], [24], [22], [25], [30], [6], [1], [27], [26], [17]]
611:[[11], [5], [4], [18], [12], [19], [26], [9], [10], [24], [21], [23], [8], [17], [28], [14], [7], [6], [20], [29], [15], [13], [27], [16], [25], [1], [3], [2], [30], [22]]
773:[[9], [22], [25], [12], [7], [26], [8], [17], [5], [11], [18], [6], [3], [16], [13], [28], [19], [1], [21], [20], [24], [15], [4], [27], [10], [30], [14], [23], [29], [2]]
941:[[23], [15], [22], [27], [21], [7], [14], [3], [2], [5], [24], [4], [20], [1], [29], [26], [8], [9], [12], [10], [16], [6], [17], [19], [30], [18], [28], [25], [11], [13]]
805:[[6], [15], [1], [7], [4], [3], [2], [14], [30], [17], [23], [10], [13], [25], [19], [27], [28], [5], [21], [16], [24], [12], [9], [8], [22], [20], [26], [18], [29], [11]]
934:[[25], [23], [30], [2], [22], [20], [16], [8], [18], [4], [3], [14], [10], [24], [6], [19], [29], [1], [11], [13], [9], [28], [21], [26], [12], [5], [17], [7], [27], [15]]
516:[[10], [19], [14], [16], [1], [27], [9], [7], [13], [5], [22], [4], [20], [30], [6], [12], [18], [8], [25], [15], [24], [28], [26], [11], [3], [21], [29], [2], [17], [23]]
721:[[7], [19], [16], [6], [29], [4], [17], [13], [11], [8], [9], [1], [2], [28], [23], [15], [18], [27], [25], [20], [12], [21], [5], [26], [10], [24], [22], [3], [30], [14]]
124:[[13], [11], [24], [4], [20], [12], [27], [30], [16], [14], [15], [19], [21], [9], [25], [8], [7], [1], [3], [10], [18], [17], [22], [29], [23], [6], [2], [28], [5], [26]]
392:[[8], [11], [12], [10], [5], [15], [2], [6], [16], [20], [19], [23], [13], [28], [30], [7], [21], [22], [14], [26], [27], [4], [24], [3], [1], [25], [29], [9], [18], [17]]
505:[[17], [11], [2], [22], [25], [10], [29], [9], [6], [12], [3], [4], [30], [26], [16], [13], [1], [21], [28], [20], [5], [7], [19], [15], [14], [23], [18], [8], [24], [27]]
661:[[15], [19], [25], [27], [4], [7], [18], [22], [8], [11], [28], [13], [2], [10], [12], [20], [3], [9], [17], [26], [21], [5], [16], [23], [6], [29], [1], [24], [14], [30]]
253:[[20], [6], [4], [22], [29], [1], [23], [14], [7], [15], [21], [24], [19], [11], [26], [5], [3], [2], [13], [17], [8], [10], [30], [28], [18], [12], [9], [25], [16], [27]]
883:[[16], [17], [10], [20], [30], [25], [11], [27], [14], [18], [1], [8], [4], [29], [9], [24], [26], [21], [5], [2], [7], [6], [22], [3], [28], [19], [12], [13], [15], [23]]
974:[[5], [10], [25], [22], [30], [19], [13], [18], [26], [28], [15], [20], [14], [7], [12], [16], [4], [24], [6], [23], [21], [17], [2], [8], [27], [11], [9], [3], [29], [1]]
596:[[16], [7], [10], [9], [8], [27], [22], [6], [12], [25], [18], [11], [26], [30], [20], [1], [19], [13], [24], [17], [15], [2], [4], [21], [29], [28], [14], [3], [23], [5]]
981:[[21], [22], [7], [17], [24], [10], [30], [4], [16], [28], [6], [19], [14], [2], [25], [18], [27], [9], [15], [20], [8], [11], [3], [26], [5], [29], [13], [23], [12], [1]]
646:[[18], [27], [2], [11], [26], [7], [12], [22], [25], [24], [30], [17], [10], [29], [9], [19], [3], [14], [4], [23], [1], [16], [13], [15], [6], [8], [28], [20], [5], [21]]
811:[[29], [18], [6], [30], [20], [27], [4], [22], [13], [1], [3], [25], [11], [12], [15], [7], [5], [24], [23], [19], [16], [21], [8], [2], [26], [28], [10], [9], [17], [14]]
472:[[14], [19], [2], [9], [18], [8], [12], [7], [10], [4], [11], [5], [3], [29], [25], [1], [13], [24], [16], [22], [6], [21], [23], [17], [15], [27], [30], [28], [20], [26]]
250:[[26], [10], [16], [24], [6], [7], [27], [4], [3], [20], [28], [9], [23], [8], [2], [11], [5], [22], [13], [30], [1], [15], [25], [12], [18], [17], [29], [19], [21], [14]]
891:[[27], [23], [28], [1], [17], [9], [22], [5], [30], [18], [16], [7], [11], [29], [21], [4], [24], [6], [15], [14], [25], [13], [2], [12], [20], [3], [19], [10], [26], [8]]
389:[[22], [3], [29], [16], [21], [24], [20], [27], [8], [4], [17], [12], [23], [6], [11], [13], [25], [14], [10], [18], [5], [26], [9], [19], [30], [15], [7], [28], [2], [1]]
665:[[8], [13], [25], [15], [18], [20], [16], [28], [23], [4], [27], [1], [24], [7], [9], [3], [6], [2], [19], [17], [12], [26], [21], [11], [14], [30], [10], [5], [29], [22]]
973:[[6], [18], [23], [3], [15], [4], [30], [11], [22], [7], [10], [24], [14], [19], [29], [21], [27], [17], [20], [5], [13], [16], [9], [2], [1], [8], [12], [25], [28], [26]]
836:[[3], [27], [26], [7], [21], [13], [8], [11], [29], [2], [10], [25], [24], [5], [16], [20], [18], [6], [19], [30], [12], [23], [9], [14], [15], [1], [4], [22], [28], [17]]
640:[[8], [22], [1], [16], [28], [4], [18], [27], [20], [29], [2], [19], [14], [25], [26], [9], [5], [7], [23], [17], [15], [13], [10], [30], [3], [11], [12], [6], [24], [21]]
400:[[9], [17], [8], [13], [14], [4], [28], [2], [22], [16], [21], [1], [11], [6], [27], [25], [30], [15], [7], [20], [19], [24], [5], [26], [18], [12], [23], [3], [29], [10]]
499:[[7], [22], [23], [12], [30], [29], [5], [4], [18], [17], [25], [26], [11], [8], [15], [14], [16], [19], [28], [6], [2], [24], [1], [10], [9], [20], [21], [13], [3], [27]]
257:[[26], [14], [21], [11], [12], [27], [25], [3], [10], [23], [2], [6], [19], [4], [20], [7], [8], [22], [30], [15], [1], [17], [13], [16], [5], [18], [24], [9], [29], [28]]
162:[[13], [21], [12], [10], [17], [24], [23], [29], [9], [5], [11], [25], [3], [20], [6], [19], [15], [1], [16], [4], [30], [27], [28], [22], [18], [26], [8], [14], [2], [7]]
185:[[30], [28], [24], [15], [29], [9], [21], [6], [5], [2], [22], [14], [20], [13], [8], [16], [19], [25], [11], [17], [10], [26], [4], [27], [7], [12], [23], [18], [3], [1]]
344:[[26], [28], [13], [20], [27], [10], [11], [1], [19], [29], [24], [30], [17], [16], [3], [22], [5], [18], [21], [14], [8], [7], [4], [6], [9], [12], [25], [23], [15], [2]]
466:[[28], [30], [24], [6], [18], [29], [27], [21], [10], [11], [1], [4], [20], [14], [2], [8], [3], [17], [19], [25], [12], [15], [26], [7], [13], [23], [16], [5], [9], [22]]
783:[[12], [15], [1], [23], [19], [11], [13], [10], [5], [4], [28], [9], [21], [25], [17], [24], [7], [6], [20], [27], [22], [16], [18], [14], [30], [29], [8], [3], [26], [2]]
467:[[5], [25], [12], [7], [13], [21], [17], [27], [29], [23], [2], [1], [14], [10], [3], [19], [18], [11], [24], [6], [9], [28], [4], [22], [30], [16], [20], [15], [8], [26]]
260:[[20], [16], [10], [2], [23], [11], [12], [26], [21], [3], [24], [7], [9], [6], [25], [18], [29], [14], [27], [22], [5], [13], [30], [19], [17], [15], [1], [28], [4], [8]]
672:[[18], [27], [23], [5], [15], [3], [22], [10], [21], [25], [12], [2], [28], [20], [24], [9], [26], [19], [29], [8], [11], [4], [7], [17], [16], [6], [30], [1], [14], [13]]
837:[[8], [3], [16], [25], [23], [26], [13], [9], [15], [6], [19], [21], [5], [1], [28], [20], [30], [27], [24], [17], [12], [4], [2], [29], [7], [10], [14], [22], [18], [11]]
318:[[27], [21], [7], [1], [11], [20], [6], [14], [19], [12], [17], [25], [24], [30], [29], [4], [8], [10], [15], [22], [28], [3], [16], [18], [23], [9], [5], [13], [2], [26]]
288:[[17], [13], [23], [12], [2], [18], [27], [5], [22], [9], [1], [30], [10], [26], [28], [4], [8], [14], [19], [7], [29], [25], [16], [6], [3], [15], [21], [20], [24], [11]]
399:[[7], [11], [30], [27], [10], [2], [18], [29], [22], [5], [13], [21], [8], [24], [12], [17], [14], [20], [23], [16], [25], [4], [15], [19], [6], [28], [1], [26], [3], [9]]
13:[[25], [19], [6], [11], [4], [15], [22], [14], [28], [18], [17], [30], [8], [21], [13], [7], [2], [24], [12], [16], [3], [27], [10], [23], [29], [9], [5], [1], [26], [20]]
896:[[3], [13], [9], [17], [7], [11], [2], [6], [28], [1], [25], [8], [12], [14], [29], [16], [30], [22], [5], [23], [19], [10], [15], [20], [18], [26], [21], [27], [4], [24]]
390:[[13], [30], [14], [10], [24], [26], [20], [6], [12], [3], [27], [1], [28], [29], [22], [21], [2], [11], [7], [9], [25], [18], [23], [17], [8], [4], [19], [16], [15], [5]]
898:[[23], [19], [16], [18], [1], [29], [4], [26], [3], [25], [17], [7], [11], [30], [15], [20], [24], [27], [2], [28], [10], [22], [12], [6], [14], [5], [8], [21], [9], [13]]
874:[[10], [20], [8], [22], [16], [13], [25], [29], [18], [28], [15], [9], [3], [14], [7], [27], [21], [11], [12], [23], [4], [19], [17], [26], [5], [30], [2], [6], [24], [1]]
802:[[7], [8], [11], [19], [17], [4], [28], [1], [2], [6], [3], [5], [26], [14], [30], [18], [29], [20], [9], [16], [12], [25], [23], [21], [24], [13], [15], [27], [22], [10]]
82:[[20], [26], [28], [22], [9], [4], [24], [15], [11], [3], [12], [6], [19], [17], [7], [18], [8], [21], [2], [16], [1], [27], [23], [30], [10], [29], [13], [25], [5], [14]]
152:[[19], [1], [21], [16], [23], [12], [8], [4], [30], [22], [27], [14], [2], [7], [28], [10], [18], [6], [24], [3], [5], [25], [13], [17], [15], [29], [26], [9], [11], [20]]
727:[[2], [3], [8], [12], [28], [10], [18], [20], [6], [14], [26], [7], [15], [9], [1], [27], [16], [5], [19], [29], [11], [4], [22], [23], [17], [25], [21], [24], [13], [30]]
18:[[17], [7], [10], [6], [23], [21], [2], [13], [11], [8], [5], [22], [30], [4], [18], [25], [26], [19], [29], [16], [20], [14], [27], [9], [1], [28], [12], [3], [15], [24]]
577:[[21], [7], [6], [11], [26], [16], [29], [10], [8], [28], [3], [27], [12], [15], [23], [13], [25], [1], [22], [17], [5], [19], [2], [14], [4], [20], [24], [18], [30], [9]]
298:[[13], [9], [16], [5], [22], [24], [21], [23], [2], [17], [10], [11], [15], [26], [30], [20], [7], [3], [8], [12], [19], [27], [25], [1], [29], [6], [4], [18], [28], [14]]
598:[[5], [23], [15], [18], [16], [6], [7], [30], [22], [21], [11], [26], [29], [10], [19], [2], [1], [17], [20], [27], [3], [13], [8], [25], [28], [24], [4], [12], [9], [14]]
559:[[10], [29], [17], [25], [23], [21], [13], [18], [8], [27], [4], [1], [7], [19], [6], [2], [16], [30], [12], [20], [22], [3], [11], [15], [28], [9], [5], [14], [26], [24]]
902:[[26], [13], [9], [24], [3], [29], [6], [8], [19], [12], [21], [1], [22], [15], [11], [28], [30], [20], [27], [14], [25], [5], [17], [18], [2], [10], [16], [7], [4], [23]]
524:[[19], [3], [9], [23], [18], [26], [24], [27], [28], [14], [30], [22], [11], [16], [12], [17], [20], [15], [13], [4], [1], [6], [29], [2], [21], [8], [5], [10], [7], [25]]
485:[[20], [11], [21], [23], [13], [5], [1], [2], [25], [12], [27], [4], [30], [22], [26], [6], [29], [24], [8], [16], [19], [14], [18], [10], [7], [3], [15], [17], [28], [9]]
748:[[30], [7], [23], [19], [28], [15], [21], [29], [17], [25], [13], [10], [4], [3], [8], [16], [6], [9], [20], [5], [1], [11], [12], [2], [26], [22], [24], [14], [27], [18]]
407:[[9], [5], [13], [26], [17], [14], [1], [6], [22], [2], [8], [16], [3], [15], [30], [18], [4], [11], [28], [20], [7], [23], [19], [24], [10], [21], [29], [25], [27], [12]]
312:[[16], [4], [17], [25], [24], [29], [30], [28], [15], [5], [6], [13], [27], [14], [9], [3], [19], [21], [7], [26], [22], [23], [8], [20], [18], [2], [1], [10], [11], [12]]
725:[[11], [23], [15], [10], [19], [29], [16], [18], [22], [8], [2], [7], [20], [21], [6], [28], [14], [26], [24], [25], [1], [30], [13], [12], [17], [9], [3], [27], [4], [5]]
958:[[13], [19], [11], [26], [4], [20], [28], [8], [27], [25], [12], [3], [24], [7], [14], [5], [30], [1], [29], [2], [10], [21], [15], [16], [9], [17], [22], [6], [18], [23]]
560:[[23], [26], [20], [14], [17], [19], [6], [4], [18], [27], [7], [10], [24], [13], [9], [2], [11], [30], [28], [29], [16], [22], [21], [25], [15], [12], [8], [1], [5], [3]]
194:[[23], [14], [26], [28], [19], [1], [2], [21], [15], [22], [16], [6], [12], [10], [18], [20], [5], [3], [30], [11], [7], [24], [8], [25], [9], [13], [4], [27], [29], [17]]
200:[[17], [24], [29], [13], [26], [16], [6], [18], [23], [9], [4], [8], [3], [7], [1], [2], [21], [20], [30], [15], [28], [27], [25], [14], [11], [10], [12], [19], [5], [22]]
885:[[23], [21], [29], [13], [26], [12], [14], [20], [18], [16], [2], [30], [19], [28], [3], [11], [8], [6], [22], [24], [10], [7], [9], [5], [15], [25], [1], [4], [17], [27]]
912:[[16], [14], [30], [10], [6], [8], [21], [15], [24], [9], [4], [27], [28], [17], [19], [26], [12], [23], [13], [22], [20], [18], [2], [1], [11], [5], [25], [3], [7], [29]]
51:[[20], [3], [5], [23], [22], [2], [26], [21], [1], [7], [14], [27], [17], [19], [24], [12], [13], [25], [28], [16], [6], [11], [10], [9], [8], [30], [18], [4], [29], [15]]
876:[[10], [21], [2], [17], [12], [20], [5], [19], [6], [4], [14], [18], [15], [26], [30], [16], [1], [11], [9], [28], [3], [23], [22], [7], [24], [13], [25], [29], [8], [27]]
697:[[12], [16], [2], [4], [3], [22], [15], [11], [5], [23], [27], [14], [24], [8], [1], [18], [28], [30], [17], [20], [7], [9], [25], [6], [13], [26], [21], [10], [29], [19]]
207:[[19], [30], [18], [2], [23], [14], [3], [26], [1], [27], [8], [6], [22], [11], [16], [10], [12], [17], [15], [24], [9], [13], [20], [7], [4], [5], [21], [25], [29], [28]]
998:[[6], [21], [25], [16], [5], [2], [19], [18], [28], [14], [1], [11], [23], [26], [17], [27], [3], [22], [30], [20], [15], [13], [24], [7], [4], [9], [12], [10], [29], [8]]
521:[[22], [4], [18], [17], [24], [10], [1], [2], [11], [8], [5], [28], [29], [26], [25], [23], [3], [21], [6], [9], [7], [12], [16], [15], [30], [19], [20], [27], [13], [14]]
112:[[24], [11], [28], [17], [18], [27], [10], [4], [2], [5], [15], [22], [30], [3], [13], [12], [25], [20], [9], [23], [29], [8], [7], [6], [26], [14], [19], [16], [21], [1]]
78:[[10], [9], [7], [15], [1], [24], [27], [26], [14], [20], [16], [2], [4], [5], [11], [21], [13], [3], [12], [6], [23], [25], [29], [22], [28], [17], [19], [30], [8], [18]]
938:[[22], [6], [23], [8], [14], [26], [5], [10], [16], [15], [30], [17], [1], [2], [21], [9], [19], [20], [28], [7], [24], [18], [12], [13], [29], [4], [27], [11], [3], [25]]
856:[[24], [26], [21], [8], [22], [14], [20], [18], [10], [25], [4], [19], [7], [17], [29], [15], [6], [9], [1], [27], [5], [28], [3], [23], [13], [16], [11], [30], [2], [12]]
760:[[20], [2], [27], [8], [24], [13], [14], [3], [7], [6], [26], [17], [25], [16], [1], [28], [22], [23], [21], [9], [19], [10], [15], [30], [4], [18], [5], [11], [12], [29]]
692:[[23], [11], [29], [5], [27], [16], [19], [17], [18], [3], [12], [15], [25], [26], [22], [28], [4], [24], [30], [7], [14], [9], [6], [13], [8], [21], [1], [20], [2], [10]]
354:[[28], [4], [5], [11], [23], [13], [12], [24], [29], [6], [10], [8], [14], [16], [22], [1], [26], [25], [3], [21], [30], [7], [20], [19], [18], [15], [2], [27], [17], [9]]
530:[[1], [6], [13], [29], [10], [12], [11], [27], [19], [14], [21], [16], [8], [18], [7], [5], [2], [15], [26], [9], [30], [23], [3], [25], [22], [24], [28], [20], [17], [4]]
168:[[22], [4], [29], [13], [23], [5], [14], [3], [19], [11], [17], [30], [16], [10], [25], [8], [6], [12], [2], [21], [28], [18], [9], [1], [15], [7], [20], [26], [24], [27]]
259:[[8], [17], [12], [28], [1], [13], [24], [26], [19], [29], [2], [23], [27], [22], [18], [11], [6], [30], [5], [21], [3], [15], [25], [20], [14], [16], [10], [9], [4], [7]]
423:[[13], [14], [30], [17], [2], [3], [6], [5], [29], [19], [28], [25], [4], [18], [12], [11], [9], [15], [7], [22], [8], [20], [21], [26], [1], [24], [23], [16], [27], [10]]
682:[[9], [16], [5], [28], [25], [20], [30], [26], [27], [18], [13], [4], [24], [14], [8], [22], [21], [29], [2], [3], [7], [1], [23], [15], [19], [17], [6], [12], [11], [10]]
800:[[25], [8], [28], [15], [16], [9], [30], [17], [7], [6], [13], [11], [5], [23], [22], [18], [12], [19], [24], [20], [2], [1], [10], [3], [27], [29], [4], [21], [14], [26]]
547:[[2], [9], [29], [11], [6], [15], [5], [1], [27], [3], [23], [14], [7], [12], [22], [16], [10], [28], [26], [13], [8], [21], [20], [24], [25], [4], [17], [19], [18], [30]]
571:[[29], [6], [7], [11], [17], [14], [9], [13], [15], [3], [5], [18], [1], [8], [28], [21], [26], [27], [16], [22], [19], [20], [4], [30], [23], [25], [24], [2], [12], [10]]
869:[[10], [11], [9], [18], [7], [30], [19], [2], [22], [5], [25], [28], [14], [3], [21], [26], [6], [8], [12], [27], [24], [4], [1], [13], [17], [29], [23], [20], [15], [16]]
503:[[27], [25], [3], [17], [16], [23], [12], [19], [15], [5], [4], [7], [26], [8], [14], [20], [29], [13], [18], [10], [1], [24], [21], [11], [28], [9], [22], [6], [2], [30]]
160:[[13], [24], [3], [30], [29], [6], [18], [2], [8], [27], [23], [4], [14], [9], [25], [7], [19], [12], [21], [22], [26], [11], [28], [20], [16], [1], [15], [5], [17], [10]]
180:[[13], [26], [16], [2], [24], [23], [12], [22], [4], [17], [28], [21], [15], [18], [8], [11], [3], [25], [30], [9], [20], [19], [14], [7], [10], [29], [6], [27], [5], [1]]
843:[[16], [24], [5], [3], [17], [25], [7], [29], [8], [6], [1], [10], [2], [13], [4], [11], [23], [21], [26], [12], [27], [22], [30], [18], [14], [9], [15], [19], [20], [28]]
283:[[25], [26], [1], [10], [14], [2], [24], [6], [9], [4], [19], [13], [11], [15], [7], [20], [5], [18], [29], [16], [3], [23], [21], [28], [27], [8], [17], [30], [12], [22]]
319:[[30], [9], [24], [10], [16], [29], [3], [27], [6], [7], [1], [13], [25], [22], [18], [2], [11], [8], [21], [28], [14], [19], [20], [23], [15], [12], [5], [4], [17], [26]]
104:[[11], [8], [28], [21], [22], [16], [20], [13], [17], [19], [24], [15], [12], [10], [6], [26], [29], [9], [27], [4], [2], [30], [7], [3], [25], [18], [1], [23], [14], [5]]
63:[[14], [30], [5], [10], [7], [11], [18], [9], [26], [25], [23], [29], [17], [3], [8], [16], [6], [27], [1], [28], [20], [19], [4], [2], [13], [12], [21], [15], [24], [22]]
77:[[9], [5], [17], [7], [30], [6], [12], [26], [4], [2], [10], [24], [15], [20], [3], [29], [27], [16], [19], [1], [21], [23], [22], [18], [13], [28], [11], [8], [25], [14]]
248:[[11], [25], [17], [30], [6], [14], [29], [23], [3], [20], [16], [27], [4], [24], [15], [21], [7], [1], [9], [28], [12], [26], [13], [19], [10], [5], [22], [2], [18], [8]]
84:[[22], [24], [2], [3], [18], [9], [8], [28], [7], [16], [19], [1], [12], [25], [21], [23], [4], [15], [5], [27], [14], [20], [6], [10], [13], [17], [29], [11], [30], [26]]
609:[[5], [18], [23], [30], [3], [29], [17], [16], [21], [25], [24], [27], [14], [28], [7], [22], [4], [10], [20], [11], [1], [9], [15], [2], [26], [6], [19], [13], [8], [12]]
972:[[4], [20], [15], [29], [28], [13], [12], [27], [5], [2], [1], [26], [21], [18], [30], [22], [11], [23], [16], [8], [6], [7], [10], [9], [24], [25], [19], [14], [3], [17]]
860:[[21], [1], [25], [16], [11], [7], [12], [27], [17], [22], [3], [28], [15], [19], [14], [18], [4], [6], [20], [8], [9], [26], [13], [23], [24], [29], [5], [2], [30], [10]]
299:[[12], [5], [4], [14], [9], [17], [20], [26], [22], [15], [10], [1], [30], [23], [16], [3], [11], [21], [19], [28], [7], [24], [27], [8], [6], [13], [25], [18], [2], [29]]
823:[[2], [17], [11], [1], [29], [3], [26], [6], [27], [14], [21], [20], [30], [5], [13], [28], [16], [9], [15], [7], [12], [19], [23], [4], [22], [8], [10], [24], [25], [18]]
997:[[14], [21], [26], [4], [20], [24], [7], [16], [18], [23], [30], [15], [5], [8], [13], [1], [17], [29], [9], [28], [10], [6], [25], [3], [12], [19], [11], [27], [2], [22]]
133:[[5], [22], [17], [13], [30], [27], [3], [24], [18], [9], [25], [1], [26], [7], [21], [4], [28], [12], [14], [6], [11], [29], [20], [16], [10], [15], [8], [23], [2], [19]]
782:[[22], [8], [7], [21], [9], [5], [15], [24], [3], [12], [14], [4], [6], [1], [2], [30], [20], [23], [10], [17], [28], [19], [11], [13], [26], [29], [27], [25], [16], [18]]
482:[[21], [20], [23], [25], [10], [27], [5], [24], [7], [28], [26], [6], [16], [18], [17], [9], [8], [11], [3], [2], [19], [15], [12], [22], [4], [13], [29], [30], [14], [1]]
428:[[27], [30], [16], [5], [4], [2], [8], [22], [3], [21], [12], [17], [1], [14], [9], [15], [20], [19], [11], [24], [26], [7], [28], [10], [23], [25], [13], [6], [29], [18]]
562:[[11], [17], [7], [13], [12], [10], [4], [29], [8], [14], [20], [28], [1], [9], [6], [21], [15], [2], [16], [25], [26], [3], [27], [24], [19], [22], [5], [30], [18], [23]]
241:[[24], [14], [20], [10], [29], [23], [13], [1], [15], [28], [2], [4], [25], [12], [30], [11], [16], [19], [26], [17], [8], [9], [27], [21], [3], [5], [6], [18], [7], [22]]
32:[[20], [25], [30], [16], [21], [8], [28], [18], [27], [12], [6], [1], [17], [4], [13], [15], [26], [14], [22], [3], [5], [7], [10], [23], [24], [19], [9], [11], [29], [2]]
102:[[14], [27], [17], [13], [10], [16], [11], [19], [12], [4], [15], [20], [7], [18], [30], [9], [23], [6], [25], [3], [8], [21], [2], [5], [22], [1], [26], [28], [29], [24]]
3:[[10], [1], [22], [21], [19], [23], [24], [20], [29], [6], [18], [3], [12], [14], [25], [26], [27], [2], [30], [4], [9], [13], [5], [8], [11], [7], [28], [16], [17], [15]]
332:[[19], [7], [1], [20], [22], [10], [17], [9], [11], [18], [14], [29], [27], [26], [25], [30], [24], [2], [6], [15], [5], [3], [4], [8], [16], [12], [13], [21], [28], [23]]
798:[[12], [6], [19], [2], [9], [8], [13], [20], [15], [28], [26], [21], [30], [27], [11], [25], [10], [14], [24], [22], [7], [18], [4], [29], [17], [16], [5], [23], [1], [3]]
364:[[24], [13], [9], [5], [20], [8], [21], [2], [12], [17], [22], [6], [4], [29], [25], [7], [14], [16], [1], [30], [3], [23], [28], [19], [15], [26], [10], [18], [11], [27]]
155:[[3], [17], [1], [14], [7], [22], [26], [29], [16], [25], [10], [8], [18], [4], [13], [21], [19], [24], [15], [30], [6], [20], [2], [27], [28], [11], [12], [9], [5], [23]]
743:[[10], [4], [29], [21], [25], [2], [24], [19], [20], [17], [7], [16], [11], [30], [28], [3], [27], [1], [14], [18], [23], [9], [15], [5], [22], [26], [8], [6], [12], [13]]
169:[[21], [29], [28], [8], [17], [16], [25], [7], [13], [20], [14], [10], [4], [27], [24], [19], [9], [12], [30], [18], [23], [6], [11], [15], [2], [3], [1], [22], [5], [26]]
115:[[18], [12], [28], [16], [9], [7], [11], [30], [17], [5], [24], [25], [15], [13], [10], [21], [14], [26], [23], [20], [27], [3], [1], [4], [29], [8], [22], [2], [19], [6]]
564:[[25], [28], [5], [12], [21], [22], [14], [26], [11], [15], [16], [27], [20], [24], [19], [13], [8], [6], [23], [3], [30], [9], [17], [4], [29], [18], [7], [2], [1], [10]]
993:[[2], [4], [24], [15], [11], [28], [14], [10], [27], [23], [3], [20], [7], [8], [5], [12], [9], [19], [25], [30], [1], [18], [6], [21], [17], [22], [13], [16], [29], [26]]
879:[[17], [27], [6], [12], [22], [5], [14], [3], [28], [15], [10], [16], [4], [23], [8], [30], [29], [21], [20], [2], [24], [1], [25], [19], [11], [13], [18], [26], [9], [7]]
928:[[25], [9], [12], [30], [27], [28], [21], [14], [7], [4], [1], [18], [22], [16], [5], [17], [3], [11], [13], [26], [24], [2], [6], [20], [8], [19], [23], [15], [29], [10]]
944:[[6], [24], [15], [29], [1], [30], [22], [7], [4], [9], [3], [5], [18], [19], [25], [11], [8], [17], [27], [12], [2], [28], [14], [20], [21], [26], [13], [16], [23], [10]]
1:[[28], [9], [10], [26], [25], [3], [29], [5], [14], [15], [18], [13], [11], [7], [30], [22], [19], [21], [12], [6], [16], [1], [8], [2], [23], [24], [27], [17], [4], [20]]
211:[[15], [3], [27], [2], [1], [7], [20], [25], [18], [12], [21], [24], [28], [8], [14], [13], [22], [23], [19], [10], [29], [17], [6], [9], [5], [26], [30], [11], [16], [4]]
6:[[11], [7], [23], [27], [9], [30], [17], [5], [20], [2], [13], [14], [3], [21], [12], [22], [1], [29], [15], [16], [8], [26], [10], [28], [19], [6], [18], [24], [4], [25]]
531:[[10], [21], [22], [20], [6], [13], [4], [12], [24], [7], [25], [14], [23], [5], [30], [19], [26], [3], [18], [27], [8], [15], [16], [29], [11], [28], [17], [9], [2], [1]]
592:[[29], [10], [21], [15], [22], [9], [7], [5], [2], [25], [14], [11], [24], [30], [13], [8], [17], [28], [4], [3], [26], [27], [18], [6], [1], [23], [19], [16], [12], [20]]
333:[[19], [24], [3], [29], [9], [23], [27], [14], [1], [2], [8], [6], [21], [12], [18], [4], [11], [22], [15], [7], [16], [28], [13], [25], [10], [26], [5], [30], [20], [17]]
812:[[22], [13], [16], [11], [30], [28], [3], [2], [14], [21], [12], [4], [7], [24], [26], [19], [6], [1], [8], [23], [27], [18], [29], [10], [5], [15], [17], [20], [25], [9]]
181:[[9], [8], [22], [4], [18], [19], [29], [21], [12], [26], [6], [13], [17], [27], [14], [30], [10], [25], [15], [11], [5], [23], [3], [16], [1], [2], [20], [24], [28], [7]]
865:[[8], [11], [13], [30], [25], [17], [15], [26], [28], [2], [1], [20], [19], [7], [24], [4], [5], [6], [9], [12], [18], [23], [16], [10], [29], [14], [27], [3], [22], [21]]
464:[[13], [15], [24], [23], [10], [17], [7], [26], [20], [19], [1], [28], [22], [18], [2], [30], [8], [12], [4], [25], [14], [27], [9], [21], [5], [11], [16], [29], [3], [6]]
8:[[24], [17], [23], [26], [15], [1], [20], [13], [29], [6], [12], [4], [14], [21], [2], [9], [18], [30], [22], [28], [11], [7], [27], [16], [10], [19], [5], [8], [3], [25]]
850:[[10], [9], [5], [2], [11], [21], [18], [22], [1], [20], [4], [7], [6], [13], [16], [23], [17], [8], [29], [3], [28], [30], [15], [12], [26], [24], [19], [27], [14], [25]]
899:[[26], [9], [12], [29], [18], [6], [10], [19], [5], [13], [27], [17], [24], [11], [7], [15], [4], [30], [3], [16], [8], [14], [2], [20], [23], [22], [28], [1], [21], [25]]
735:[[16], [6], [25], [7], [30], [11], [10], [22], [27], [5], [2], [29], [15], [4], [9], [20], [28], [13], [18], [26], [24], [23], [19], [17], [12], [8], [21], [3], [14], [1]]
574:[[28], [12], [14], [4], [2], [1], [16], [27], [21], [15], [5], [26], [6], [9], [29], [19], [24], [23], [25], [7], [8], [22], [18], [30], [13], [20], [10], [3], [11], [17]]
709:[[30], [27], [15], [13], [26], [9], [6], [14], [18], [20], [24], [29], [25], [28], [1], [12], [3], [7], [17], [2], [10], [5], [23], [16], [8], [21], [22], [19], [11], [4]]
373:[[30], [26], [22], [13], [24], [18], [9], [12], [3], [8], [29], [16], [20], [14], [17], [1], [19], [25], [15], [28], [10], [21], [7], [5], [4], [2], [11], [27], [23], [6]]
108:[[14], [8], [17], [27], [15], [23], [28], [16], [11], [12], [9], [26], [2], [22], [18], [24], [29], [19], [30], [20], [6], [1], [5], [21], [7], [25], [13], [4], [3], [10]]
370:[[4], [1], [24], [11], [30], [18], [17], [12], [10], [26], [22], [29], [23], [25], [28], [7], [3], [5], [21], [2], [27], [14], [19], [9], [6], [20], [16], [8], [13], [15]]
589:[[13], [24], [25], [17], [10], [3], [9], [23], [26], [6], [4], [21], [8], [14], [22], [20], [1], [11], [27], [16], [12], [19], [7], [15], [5], [2], [29], [28], [18], [30]]
929:[[21], [23], [1], [16], [27], [18], [25], [11], [10], [20], [5], [13], [4], [7], [9], [3], [14], [8], [28], [29], [30], [22], [26], [12], [2], [15], [19], [17], [24], [6]]
491:[[18], [20], [4], [3], [15], [14], [26], [6], [11], [9], [29], [7], [8], [28], [22], [2], [30], [23], [10], [1], [16], [25], [17], [13], [5], [24], [21], [19], [27], [12]]
681:[[13], [25], [19], [9], [14], [16], [21], [11], [20], [30], [10], [17], [1], [15], [23], [29], [12], [4], [26], [22], [24], [6], [5], [28], [8], [27], [7], [2], [3], [18]]
327:[[17], [28], [2], [15], [18], [11], [26], [16], [10], [30], [8], [4], [13], [20], [9], [25], [19], [27], [21], [6], [23], [5], [1], [14], [12], [3], [29], [24], [22], [7]]
117:[[21], [2], [8], [27], [29], [25], [7], [19], [1], [6], [3], [20], [18], [12], [13], [22], [4], [23], [14], [16], [11], [26], [9], [24], [15], [30], [17], [5], [28], [10]]
118:[[24], [11], [3], [10], [2], [13], [23], [15], [9], [14], [6], [20], [1], [12], [21], [16], [4], [8], [26], [18], [25], [7], [17], [30], [19], [27], [22], [5], [28], [29]]
523:[[11], [7], [2], [6], [18], [10], [25], [12], [26], [5], [14], [24], [22], [23], [13], [27], [30], [3], [20], [17], [8], [16], [9], [19], [21], [4], [29], [1], [15], [28]]
487:[[28], [10], [30], [27], [29], [22], [11], [20], [24], [16], [5], [25], [26], [1], [15], [21], [2], [4], [9], [6], [3], [17], [13], [7], [14], [18], [12], [8], [23], [19]]
832:[[23], [16], [3], [14], [6], [10], [22], [1], [21], [30], [18], [29], [24], [15], [2], [27], [11], [26], [12], [17], [5], [19], [25], [13], [28], [8], [9], [4], [7], [20]]
527:[[28], [12], [18], [13], [24], [25], [1], [26], [19], [3], [14], [11], [5], [2], [20], [8], [17], [22], [30], [16], [9], [15], [23], [10], [7], [27], [6], [21], [4], [29]]
581:[[16], [30], [15], [5], [24], [6], [10], [23], [2], [3], [26], [13], [18], [22], [7], [12], [28], [19], [9], [29], [21], [20], [1], [11], [17], [25], [27], [4], [8], [14]]
537:[[16], [30], [1], [27], [15], [9], [11], [2], [28], [18], [20], [23], [6], [7], [26], [21], [13], [4], [8], [25], [17], [5], [14], [29], [3], [24], [10], [19], [12], [22]]
820:[[25], [16], [1], [18], [15], [29], [2], [4], [27], [6], [28], [24], [9], [23], [14], [21], [20], [30], [26], [12], [11], [13], [3], [7], [17], [19], [10], [22], [8], [5]]
819:[[21], [5], [2], [24], [1], [23], [6], [27], [9], [25], [26], [29], [7], [15], [28], [18], [10], [22], [14], [3], [19], [13], [16], [30], [4], [11], [17], [8], [20], [12]]
351:[[30], [7], [9], [17], [6], [14], [23], [10], [5], [4], [19], [28], [1], [11], [20], [18], [25], [3], [15], [16], [8], [12], [22], [27], [26], [24], [21], [13], [2], [29]]
334:[[22], [4], [17], [3], [14], [26], [6], [5], [10], [24], [18], [12], [29], [30], [28], [13], [11], [27], [2], [15], [25], [8], [21], [19], [7], [9], [1], [20], [23], [16]]
952:[[19], [15], [7], [5], [6], [24], [14], [29], [1], [22], [25], [9], [26], [10], [11], [28], [27], [23], [4], [12], [21], [17], [18], [13], [30], [8], [20], [2], [16], [3]]
969:[[8], [6], [4], [19], [7], [16], [2], [28], [9], [25], [17], [3], [20], [26], [5], [27], [12], [15], [23], [14], [11], [1], [24], [13], [21], [10], [30], [29], [18], [22]]
57:[[1], [26], [8], [24], [7], [21], [28], [9], [5], [20], [29], [16], [11], [30], [27], [12], [19], [23], [22], [2], [3], [17], [6], [4], [25], [10], [14], [13], [18], [15]]
597:[[13], [20], [2], [10], [26], [21], [28], [29], [15], [11], [3], [23], [30], [22], [1], [7], [16], [17], [27], [9], [25], [19], [14], [24], [18], [8], [5], [6], [4], [12]]
267:[[27], [14], [13], [30], [18], [2], [16], [25], [4], [1], [5], [9], [28], [21], [7], [10], [3], [11], [29], [26], [12], [15], [6], [19], [20], [24], [23], [17], [8], [22]]
37:[[25], [1], [5], [18], [15], [11], [3], [17], [4], [8], [30], [13], [28], [10], [7], [19], [27], [2], [24], [22], [12], [23], [14], [29], [6], [20], [26], [16], [9], [21]]
994:[[29], [17], [26], [11], [28], [21], [20], [1], [7], [4], [14], [23], [2], [12], [30], [15], [9], [3], [25], [18], [16], [10], [19], [27], [24], [6], [8], [5], [13], [22]]
382:[[2], [3], [19], [25], [18], [17], [21], [24], [26], [9], [11], [16], [1], [13], [8], [6], [20], [22], [14], [27], [12], [5], [15], [10], [7], [29], [28], [23], [30], [4]]
85:[[16], [23], [6], [15], [1], [7], [9], [20], [25], [4], [22], [3], [8], [29], [30], [12], [27], [19], [14], [17], [26], [24], [11], [2], [13], [18], [21], [5], [10], [28]]
235:[[20], [9], [24], [10], [25], [26], [16], [2], [29], [3], [5], [15], [22], [7], [11], [28], [8], [21], [30], [27], [4], [19], [12], [14], [18], [6], [1], [17], [13], [23]]
450:[[22], [28], [4], [21], [12], [2], [19], [25], [29], [10], [30], [16], [1], [15], [5], [20], [13], [14], [11], [24], [6], [18], [17], [3], [27], [23], [7], [8], [26], [9]]
768:[[9], [4], [16], [24], [28], [7], [10], [22], [18], [15], [19], [6], [25], [5], [21], [12], [8], [14], [2], [23], [29], [17], [1], [3], [11], [20], [26], [13], [30], [27]]
410:[[10], [28], [1], [2], [24], [25], [30], [11], [4], [22], [7], [6], [21], [29], [5], [20], [17], [3], [26], [12], [18], [19], [8], [15], [14], [23], [27], [9], [13], [16]]
668:[[18], [25], [21], [3], [5], [14], [6], [2], [16], [26], [29], [7], [17], [23], [1], [24], [27], [28], [9], [13], [11], [19], [4], [22], [8], [12], [10], [15], [20], [30]]
397:[[29], [22], [18], [14], [15], [5], [7], [30], [2], [28], [13], [16], [6], [12], [3], [25], [23], [17], [9], [19], [8], [10], [27], [21], [26], [24], [20], [11], [4], [1]]
552:[[7], [20], [30], [19], [18], [26], [12], [25], [24], [23], [13], [14], [16], [27], [8], [17], [15], [21], [28], [5], [10], [3], [29], [9], [2], [6], [4], [1], [11], [22]]
39:[[17], [15], [6], [27], [8], [16], [5], [29], [19], [13], [23], [25], [26], [1], [4], [22], [2], [14], [20], [10], [21], [30], [24], [12], [9], [28], [11], [7], [18], [3]]
540:[[18], [16], [3], [2], [24], [9], [21], [6], [7], [11], [29], [13], [19], [22], [12], [14], [25], [30], [4], [27], [23], [8], [20], [1], [17], [10], [15], [26], [28], [5]]
174:[[19], [7], [25], [11], [20], [16], [26], [13], [5], [6], [4], [12], [24], [10], [21], [3], [15], [27], [1], [8], [9], [30], [22], [28], [18], [23], [29], [17], [2], [14]]
358:[[12], [15], [16], [7], [22], [13], [27], [5], [11], [2], [21], [25], [24], [1], [19], [10], [18], [6], [8], [20], [29], [17], [28], [26], [4], [3], [23], [9], [30], [14]]
714:[[4], [26], [19], [21], [15], [29], [20], [2], [22], [11], [18], [12], [5], [7], [3], [6], [16], [14], [23], [13], [27], [8], [1], [10], [28], [25], [9], [30], [24], [17]]
903:[[23], [10], [17], [13], [5], [24], [15], [6], [1], [20], [4], [2], [18], [12], [27], [3], [7], [11], [8], [25], [21], [28], [19], [29], [30], [14], [16], [9], [26], [22]]
352:[[2], [6], [25], [27], [17], [12], [28], [18], [22], [4], [14], [24], [13], [23], [19], [1], [16], [7], [8], [20], [21], [9], [30], [11], [29], [10], [5], [15], [3], [26]]
986:[[29], [12], [11], [27], [17], [15], [23], [28], [4], [6], [14], [18], [5], [24], [13], [30], [1], [20], [21], [2], [19], [3], [7], [16], [22], [10], [26], [9], [25], [8]]
614:[[16], [29], [17], [20], [30], [12], [9], [7], [1], [11], [19], [24], [10], [14], [4], [27], [3], [21], [2], [28], [18], [6], [15], [5], [22], [8], [23], [25], [26], [13]]
605:[[10], [26], [12], [7], [17], [21], [14], [20], [18], [28], [29], [11], [4], [3], [6], [15], [1], [5], [25], [27], [23], [9], [13], [2], [30], [8], [24], [22], [16], [19]]
542:[[17], [6], [7], [4], [8], [30], [5], [3], [20], [18], [21], [12], [15], [1], [14], [13], [27], [28], [19], [25], [29], [22], [9], [10], [23], [2], [24], [16], [11], [26]]
231:[[9], [16], [7], [24], [13], [25], [6], [15], [30], [4], [26], [28], [8], [27], [2], [5], [17], [14], [3], [10], [1], [18], [20], [12], [19], [22], [23], [29], [11], [21]]
139:[[11], [1], [12], [5], [13], [19], [18], [21], [24], [3], [23], [29], [30], [17], [26], [2], [25], [22], [10], [14], [20], [7], [28], [15], [16], [27], [4], [6], [9], [8]]
440:[[19], [23], [15], [27], [29], [13], [28], [8], [2], [3], [30], [1], [16], [22], [10], [20], [9], [11], [7], [25], [14], [21], [24], [17], [18], [5], [12], [6], [4], [26]]
221:[[4], [23], [5], [30], [9], [25], [21], [16], [13], [1], [2], [17], [6], [18], [8], [29], [26], [22], [12], [7], [10], [14], [24], [3], [20], [15], [19], [27], [28], [11]]
620:[[24], [10], [11], [12], [30], [25], [13], [14], [17], [7], [8], [18], [21], [19], [5], [29], [15], [6], [22], [3], [23], [1], [9], [4], [2], [28], [27], [20], [26], [16]]
81:[[22], [21], [29], [7], [10], [1], [15], [28], [19], [16], [9], [14], [8], [3], [23], [2], [12], [24], [27], [17], [26], [25], [5], [18], [11], [30], [6], [13], [4], [20]]
917:[[26], [2], [25], [19], [21], [12], [30], [15], [13], [18], [10], [9], [11], [5], [4], [16], [1], [3], [22], [14], [6], [8], [23], [17], [20], [27], [7], [24], [29], [28]]
349:[[12], [26], [27], [21], [16], [23], [19], [15], [5], [1], [2], [20], [17], [4], [7], [18], [6], [10], [3], [25], [13], [14], [29], [9], [11], [28], [22], [8], [30], [24]]
751:[[17], [4], [13], [25], [10], [19], [3], [8], [27], [14], [16], [24], [21], [2], [7], [20], [15], [18], [5], [9], [12], [6], [28], [22], [23], [1], [26], [11], [29], [30]]
533:[[11], [25], [21], [18], [16], [15], [29], [5], [14], [28], [13], [9], [17], [26], [3], [19], [10], [7], [2], [4], [1], [20], [6], [8], [27], [30], [12], [22], [24], [23]]
329:[[6], [9], [5], [19], [23], [20], [17], [29], [27], [11], [4], [18], [24], [14], [25], [26], [28], [30], [7], [3], [8], [10], [13], [15], [16], [22], [2], [12], [21], [1]]
595:[[24], [11], [21], [22], [2], [20], [29], [12], [10], [3], [4], [13], [30], [7], [5], [18], [9], [14], [27], [6], [17], [25], [26], [28], [19], [16], [8], [1], [23], [15]]
854:[[2], [18], [14], [28], [21], [26], [27], [3], [22], [12], [10], [8], [7], [6], [25], [24], [19], [16], [29], [9], [20], [15], [11], [4], [17], [13], [23], [5], [30], [1]]
926:[[13], [24], [30], [29], [26], [14], [3], [19], [22], [1], [23], [2], [15], [9], [21], [8], [10], [17], [7], [5], [18], [11], [27], [25], [20], [4], [6], [28], [16], [12]]
548:[[24], [23], [16], [28], [7], [12], [8], [21], [30], [20], [3], [17], [13], [18], [5], [19], [22], [4], [14], [11], [1], [15], [25], [29], [2], [9], [10], [6], [26], [27]]
916:[[3], [19], [14], [5], [18], [2], [9], [21], [8], [20], [16], [13], [24], [4], [27], [25], [10], [17], [23], [26], [28], [15], [30], [1], [22], [29], [11], [6], [12], [7]]
758:[[4], [19], [7], [23], [21], [18], [17], [14], [26], [16], [1], [29], [24], [22], [9], [3], [30], [13], [8], [20], [6], [28], [10], [25], [27], [15], [2], [12], [11], [5]]
62:[[2], [8], [26], [17], [11], [22], [28], [30], [4], [23], [18], [13], [29], [5], [6], [1], [7], [15], [9], [12], [19], [20], [14], [21], [16], [10], [27], [25], [3], [24]]
12:[[30], [21], [28], [26], [4], [11], [17], [18], [14], [9], [29], [20], [13], [12], [24], [22], [6], [19], [7], [15], [1], [25], [2], [27], [16], [10], [3], [5], [8], [23]]
434:[[15], [27], [24], [21], [17], [30], [14], [13], [4], [5], [1], [6], [18], [26], [10], [8], [11], [7], [16], [19], [3], [25], [12], [23], [29], [28], [2], [9], [22], [20]]
22:[[2], [8], [14], [1], [29], [18], [13], [17], [16], [26], [7], [11], [28], [5], [27], [9], [25], [30], [23], [4], [6], [12], [19], [22], [3], [20], [10], [15], [24], [21]]
54:[[16], [4], [13], [11], [21], [3], [28], [23], [9], [24], [8], [7], [1], [14], [6], [20], [30], [29], [19], [17], [10], [27], [25], [2], [22], [15], [12], [26], [18], [5]]
807:[[26], [23], [22], [4], [24], [6], [2], [21], [7], [18], [8], [11], [28], [19], [10], [12], [29], [30], [1], [5], [16], [14], [9], [20], [27], [25], [15], [17], [3], [13]]
906:[[14], [18], [20], [25], [10], [29], [4], [13], [12], [28], [3], [22], [27], [23], [8], [1], [19], [17], [7], [30], [16], [6], [5], [21], [15], [11], [26], [2], [24], [9]]
943:[[1], [28], [27], [10], [24], [19], [17], [5], [15], [26], [20], [13], [25], [9], [30], [23], [22], [3], [29], [18], [8], [4], [12], [11], [21], [16], [7], [14], [2], [6]]
191:[[20], [15], [26], [30], [17], [12], [19], [16], [27], [9], [18], [22], [1], [11], [8], [4], [25], [7], [29], [6], [21], [2], [13], [10], [23], [28], [5], [24], [14], [3]]
754:[[11], [15], [19], [6], [27], [23], [4], [9], [1], [26], [28], [20], [12], [17], [29], [13], [14], [8], [16], [3], [5], [30], [24], [2], [10], [18], [25], [22], [21], [7]]
617:[[6], [15], [2], [9], [19], [20], [24], [12], [21], [7], [27], [17], [26], [28], [5], [22], [10], [29], [3], [13], [16], [4], [11], [23], [14], [30], [25], [8], [1], [18]]
11:[[24], [8], [26], [4], [6], [11], [21], [13], [2], [14], [1], [9], [18], [25], [19], [10], [12], [27], [7], [22], [15], [16], [3], [28], [23], [29], [5], [17], [20], [30]]
518:[[21], [23], [15], [30], [9], [8], [18], [4], [11], [19], [13], [27], [5], [12], [17], [22], [1], [2], [7], [26], [20], [14], [3], [16], [29], [10], [24], [25], [28], [6]]
701:[[12], [4], [30], [3], [9], [16], [23], [15], [19], [13], [29], [6], [24], [20], [27], [10], [17], [8], [11], [7], [21], [18], [5], [14], [2], [22], [1], [26], [25], [28]]
157:[[2], [5], [28], [15], [8], [21], [30], [19], [24], [6], [17], [4], [9], [11], [18], [12], [25], [10], [27], [26], [14], [22], [7], [23], [29], [3], [20], [1], [16], [13]]
956:[[7], [19], [13], [5], [4], [22], [2], [23], [25], [9], [21], [8], [18], [27], [10], [16], [15], [6], [28], [26], [17], [20], [12], [29], [30], [3], [14], [11], [24], [1]]
31:[[29], [12], [21], [25], [5], [11], [28], [3], [13], [16], [7], [17], [30], [24], [9], [10], [23], [2], [4], [1], [27], [6], [15], [14], [26], [8], [22], [19], [20], [18]]
129:[[13], [8], [12], [5], [4], [20], [29], [23], [15], [27], [25], [18], [21], [11], [26], [7], [3], [30], [19], [17], [9], [6], [2], [16], [22], [14], [24], [10], [28], [1]]
541:[[3], [15], [9], [21], [24], [27], [2], [4], [19], [13], [26], [16], [8], [20], [30], [10], [29], [25], [12], [5], [23], [11], [22], [18], [28], [1], [6], [14], [7], [17]]
150:[[26], [23], [5], [12], [18], [2], [25], [17], [6], [14], [21], [24], [15], [20], [16], [30], [13], [7], [9], [10], [3], [28], [4], [29], [19], [11], [8], [22], [1], [27]]
308:[[29], [17], [2], [24], [5], [7], [25], [20], [4], [27], [22], [9], [14], [3], [11], [12], [1], [26], [13], [23], [10], [16], [6], [30], [15], [19], [21], [18], [8], [28]]
147:[[22], [8], [17], [7], [13], [6], [1], [21], [29], [15], [9], [18], [20], [3], [2], [26], [27], [5], [23], [16], [11], [25], [24], [12], [14], [4], [10], [30], [28], [19]]
93:[[19], [26], [4], [21], [30], [20], [12], [11], [2], [28], [7], [17], [8], [15], [14], [3], [16], [27], [6], [5], [29], [9], [22], [13], [1], [25], [18], [10], [23], [24]]
182:[[14], [10], [4], [8], [9], [3], [29], [25], [22], [28], [16], [1], [5], [15], [17], [23], [20], [2], [12], [11], [26], [21], [6], [13], [24], [7], [30], [27], [19], [18]]
784:[[29], [2], [3], [28], [5], [15], [21], [4], [13], [18], [30], [14], [20], [19], [7], [24], [12], [22], [25], [26], [11], [17], [6], [10], [9], [1], [8], [23], [27], [16]]
105:[[9], [21], [25], [11], [19], [4], [28], [17], [6], [24], [22], [13], [26], [10], [23], [15], [16], [12], [1], [2], [30], [27], [14], [20], [7], [18], [5], [8], [3], [29]]
20:[[29], [5], [26], [6], [7], [10], [24], [13], [21], [25], [28], [17], [11], [8], [12], [15], [9], [1], [14], [22], [27], [20], [23], [3], [19], [4], [30], [18], [16], [2]]
691:[[22], [28], [17], [8], [18], [9], [10], [2], [6], [25], [1], [11], [16], [23], [29], [24], [30], [26], [3], [12], [20], [5], [27], [4], [19], [7], [13], [15], [21], [14]]
58:[[10], [13], [23], [25], [5], [6], [24], [1], [27], [30], [7], [29], [26], [17], [9], [3], [18], [22], [19], [16], [21], [15], [12], [11], [14], [4], [28], [8], [2], [20]]
556:[[15], [22], [23], [2], [12], [4], [28], [1], [27], [18], [20], [9], [19], [8], [10], [29], [5], [7], [11], [14], [25], [16], [24], [30], [26], [3], [21], [6], [17], [13]]
214:[[14], [4], [3], [16], [23], [29], [19], [30], [13], [18], [5], [17], [7], [9], [24], [15], [27], [1], [8], [21], [28], [12], [26], [10], [22], [2], [25], [11], [6], [20]]
791:[[13], [5], [12], [18], [2], [7], [26], [25], [22], [3], [6], [14], [4], [24], [11], [27], [16], [1], [15], [8], [23], [19], [29], [21], [30], [28], [9], [20], [10], [17]]
904:[[28], [20], [18], [8], [14], [26], [4], [13], [22], [10], [23], [12], [15], [6], [9], [25], [3], [17], [27], [2], [21], [29], [30], [11], [1], [16], [19], [24], [5], [7]]
870:[[2], [17], [15], [23], [24], [21], [12], [11], [20], [7], [29], [5], [16], [27], [18], [25], [19], [14], [13], [30], [10], [6], [9], [26], [1], [4], [28], [3], [22], [8]]
420:[[23], [6], [15], [7], [18], [20], [12], [8], [2], [30], [22], [4], [16], [1], [5], [26], [3], [21], [17], [28], [19], [9], [24], [25], [11], [29], [13], [14], [27], [10]]
75:[[16], [20], [1], [24], [9], [14], [5], [18], [30], [21], [10], [27], [6], [4], [26], [15], [28], [23], [25], [11], [7], [3], [12], [2], [13], [17], [8], [29], [22], [19]]
907:[[7], [24], [5], [22], [3], [20], [27], [13], [14], [23], [16], [1], [17], [8], [10], [12], [18], [25], [9], [15], [4], [2], [29], [19], [21], [30], [28], [11], [26], [6]]
638:[[4], [5], [17], [21], [24], [20], [22], [18], [1], [10], [30], [28], [7], [29], [6], [27], [3], [11], [16], [8], [25], [19], [2], [12], [13], [9], [15], [26], [23], [14]]
752:[[19], [20], [21], [12], [10], [13], [9], [23], [14], [27], [22], [5], [6], [25], [30], [18], [4], [2], [28], [15], [24], [16], [3], [26], [8], [11], [1], [17], [7], [29]]
60:[[23], [29], [18], [7], [1], [12], [14], [3], [30], [10], [4], [6], [9], [11], [20], [21], [13], [5], [15], [22], [17], [28], [2], [24], [16], [8], [27], [19], [25], [26]]
858:[[19], [6], [20], [23], [26], [15], [5], [13], [10], [12], [22], [3], [4], [8], [28], [16], [11], [27], [7], [25], [1], [9], [17], [24], [14], [18], [30], [29], [21], [2]]
311:[[5], [10], [21], [23], [28], [17], [13], [4], [19], [2], [11], [6], [25], [12], [14], [7], [27], [22], [18], [8], [1], [16], [29], [15], [20], [26], [3], [24], [30], [9]]
833:[[14], [30], [8], [4], [2], [27], [1], [11], [9], [16], [7], [19], [26], [17], [23], [3], [25], [20], [24], [21], [15], [18], [22], [29], [10], [12], [28], [13], [6], [5]]
189:[[9], [16], [23], [11], [21], [8], [6], [26], [28], [25], [27], [3], [5], [14], [29], [15], [7], [2], [12], [13], [10], [22], [24], [1], [18], [4], [20], [19], [30], [17]]
183:[[13], [2], [30], [9], [18], [29], [20], [8], [7], [23], [11], [26], [16], [12], [21], [1], [5], [6], [22], [3], [17], [24], [4], [14], [10], [27], [19], [25], [15], [28]]
544:[[17], [29], [26], [15], [13], [12], [18], [24], [21], [30], [9], [4], [8], [25], [22], [27], [20], [6], [3], [23], [14], [16], [19], [2], [7], [11], [28], [10], [1], [5]]
239:[[17], [16], [3], [14], [26], [29], [25], [11], [28], [1], [19], [18], [9], [12], [4], [13], [27], [30], [5], [6], [7], [23], [20], [22], [2], [8], [21], [10], [24], [15]]
403:[[29], [24], [10], [2], [26], [7], [5], [12], [21], [19], [27], [15], [8], [17], [13], [11], [30], [4], [1], [3], [16], [23], [20], [22], [18], [25], [28], [6], [14], [9]]
494:[[28], [24], [20], [27], [21], [10], [25], [30], [17], [26], [19], [22], [4], [15], [9], [8], [12], [1], [13], [29], [6], [7], [16], [14], [2], [23], [11], [5], [3], [18]]
953:[[14], [9], [22], [2], [13], [23], [25], [28], [6], [10], [16], [1], [3], [7], [26], [15], [4], [24], [21], [17], [8], [19], [18], [30], [11], [5], [20], [29], [12], [27]]
480:[[22], [12], [26], [29], [16], [9], [15], [23], [24], [13], [19], [30], [28], [1], [20], [6], [21], [25], [11], [3], [17], [27], [2], [8], [4], [7], [10], [14], [18], [5]]
122:[[4], [2], [5], [13], [1], [29], [27], [14], [7], [12], [25], [9], [17], [23], [16], [18], [15], [20], [6], [10], [22], [28], [3], [19], [11], [26], [8], [24], [21], [30]]
593:[[3], [25], [4], [12], [8], [22], [24], [21], [5], [28], [29], [13], [14], [26], [17], [11], [19], [7], [6], [23], [9], [1], [20], [16], [15], [30], [10], [2], [27], [18]]
942:[[13], [30], [3], [8], [10], [12], [6], [24], [4], [21], [9], [18], [29], [11], [28], [20], [15], [19], [26], [14], [5], [22], [16], [7], [25], [2], [27], [1], [23], [17]]
101:[[16], [24], [6], [10], [27], [22], [18], [25], [9], [19], [3], [8], [11], [5], [2], [13], [21], [30], [20], [7], [28], [17], [1], [26], [12], [29], [4], [15], [14], [23]]
584:[[24], [9], [28], [23], [13], [30], [25], [10], [22], [8], [6], [27], [18], [4], [14], [17], [7], [2], [20], [3], [19], [12], [15], [29], [1], [5], [21], [16], [11], [26]]
52:[[6], [9], [25], [20], [18], [29], [13], [30], [19], [7], [11], [1], [4], [26], [10], [16], [2], [14], [17], [28], [15], [27], [3], [12], [8], [22], [24], [23], [21], [5]]
273:[[7], [10], [29], [24], [26], [5], [28], [19], [23], [30], [20], [9], [6], [12], [17], [25], [1], [27], [22], [11], [3], [18], [4], [13], [2], [16], [21], [14], [15], [8]]
113:[[20], [27], [2], [5], [14], [24], [15], [1], [25], [3], [21], [29], [26], [22], [6], [13], [19], [8], [28], [18], [30], [16], [11], [7], [17], [4], [12], [10], [23], [9]]
128:[[4], [28], [7], [14], [8], [21], [25], [26], [24], [19], [10], [1], [17], [5], [11], [20], [15], [27], [2], [12], [22], [18], [13], [16], [30], [23], [9], [3], [29], [6]]
971:[[4], [24], [1], [2], [3], [5], [15], [6], [21], [13], [20], [28], [29], [11], [14], [25], [27], [10], [9], [22], [8], [30], [19], [23], [17], [12], [26], [7], [18], [16]]
826:[[6], [20], [8], [16], [10], [25], [17], [23], [29], [2], [19], [3], [4], [12], [14], [30], [26], [1], [7], [13], [11], [27], [28], [18], [15], [22], [21], [9], [24], [5]]
99:[[28], [14], [21], [20], [2], [22], [25], [24], [29], [5], [4], [30], [27], [23], [1], [26], [17], [12], [13], [9], [18], [8], [16], [3], [7], [19], [11], [10], [6], [15]]
33:[[22], [21], [16], [6], [4], [18], [27], [14], [24], [17], [7], [23], [20], [28], [2], [25], [5], [26], [30], [19], [12], [29], [3], [11], [15], [9], [10], [1], [8], [13]]
451:[[3], [15], [9], [20], [2], [21], [27], [10], [22], [19], [14], [16], [30], [23], [17], [7], [28], [25], [12], [26], [13], [4], [24], [5], [29], [11], [1], [6], [18], [8]]
337:[[16], [15], [21], [27], [11], [17], [7], [4], [22], [24], [14], [12], [18], [8], [9], [13], [1], [28], [19], [3], [20], [5], [6], [25], [26], [29], [30], [2], [23], [10]]
445:[[1], [28], [17], [18], [12], [15], [25], [4], [21], [7], [13], [24], [20], [9], [10], [27], [16], [29], [5], [3], [30], [14], [26], [22], [6], [23], [19], [11], [8], [2]]
504:[[5], [23], [2], [4], [20], [14], [22], [25], [19], [27], [9], [21], [3], [15], [1], [8], [18], [28], [24], [6], [7], [26], [12], [16], [17], [30], [10], [29], [13], [11]]
871:[[11], [12], [19], [4], [8], [6], [28], [26], [5], [9], [18], [29], [3], [22], [10], [16], [21], [25], [7], [13], [2], [23], [27], [1], [15], [24], [30], [17], [14], [20]]
473:[[8], [18], [5], [2], [29], [27], [16], [11], [19], [17], [10], [3], [24], [4], [26], [12], [28], [21], [30], [25], [23], [6], [7], [13], [15], [9], [20], [22], [14], [1]]
125:[[21], [24], [26], [11], [29], [15], [6], [8], [13], [20], [4], [19], [7], [17], [10], [22], [12], [5], [2], [1], [3], [25], [18], [16], [14], [30], [28], [23], [27], [9]]
824:[[16], [23], [3], [22], [18], [29], [6], [27], [5], [30], [4], [17], [25], [15], [12], [9], [21], [24], [1], [7], [19], [26], [20], [11], [28], [2], [10], [14], [8], [13]]
716:[[19], [13], [3], [24], [17], [16], [11], [12], [23], [2], [26], [6], [7], [4], [10], [25], [18], [20], [1], [27], [15], [29], [5], [28], [9], [8], [22], [30], [21], [14]]
880:[[16], [2], [25], [12], [4], [15], [14], [20], [22], [1], [8], [29], [11], [30], [10], [19], [7], [28], [6], [3], [5], [27], [9], [13], [17], [26], [23], [24], [21], [18]]
136:[[19], [26], [22], [12], [21], [16], [4], [6], [14], [2], [17], [1], [24], [29], [10], [30], [25], [9], [7], [8], [13], [5], [3], [27], [20], [23], [18], [28], [15], [11]]
489:[[18], [19], [26], [17], [16], [21], [20], [28], [5], [29], [1], [27], [22], [15], [6], [30], [4], [24], [2], [8], [12], [13], [14], [10], [23], [3], [11], [25], [9], [7]]
70:[[13], [2], [30], [29], [27], [12], [22], [15], [23], [16], [17], [28], [24], [14], [19], [21], [7], [26], [4], [25], [9], [20], [18], [6], [10], [1], [3], [5], [11], [8]]
923:[[8], [29], [30], [21], [7], [15], [18], [12], [1], [27], [23], [2], [4], [22], [14], [9], [10], [6], [24], [11], [16], [28], [5], [20], [17], [13], [19], [25], [3], [26]]
707:[[23], [6], [26], [25], [10], [5], [13], [15], [9], [16], [21], [24], [11], [20], [18], [1], [19], [17], [8], [30], [29], [28], [4], [14], [3], [22], [27], [7], [2], [12]]
852:[[17], [8], [6], [27], [14], [20], [13], [7], [1], [25], [22], [3], [4], [21], [15], [23], [10], [11], [16], [12], [9], [28], [24], [19], [18], [30], [2], [5], [29], [26]]
103:[[15], [20], [9], [13], [22], [25], [23], [16], [29], [5], [3], [12], [14], [28], [2], [11], [18], [21], [27], [10], [7], [19], [6], [8], [30], [4], [1], [17], [24], [26]]
220:[[17], [29], [14], [28], [21], [8], [7], [24], [19], [3], [25], [1], [13], [27], [2], [26], [15], [9], [11], [10], [6], [22], [18], [5], [30], [20], [16], [23], [12], [4]]
